time,oid,oidb,oids,price,volume,flag,ptype
91500360,1497,0,0,16.53,500,2,2
91500460,2384,0,0,15.28,700,2,2
91500600,2604,0,0,15.59,400,2,2
91500600,2609,0,0,16.53,400,2,2
91500600,2743,0,0,15.09,3300,2,2
91500600,3157,0,0,14.6,500,1,2
91500600,3159,0,0,14.01,500,1,2
91500600,3214,0,0,14.9,1000,1,2
91500600,3282,0,0,14.68,200,1,2
91500600,3820,0,0,16.5,200,2,2
91500600,4214,0,0,14.89,500,1,2
91500600,4472,0,0,15.04,100,1,2
91500710,5172,0,0,16.53,200,2,2
91500780,5781,0,0,16.52,5000,2,2
91501040,6148,0,0,14.95,800,1,2
91501080,6854,0,0,15.33,2500,2,2
91501110,7451,0,0,15.4,2000,2,2
91501170,8221,0,0,15.0,1300,2,2
91501170,8525,0,0,15.03,100,1,2
91501170,8744,0,0,15.5,700,2,2
91501170,8982,0,0,16.03,500,2,2
91501220,9304,0,0,14.71,1500,1,2
91501220,9588,0,0,16.53,500,2,2
91501220,9687,0,0,14.96,1200,1,2
91501220,10092,0,0,16.53,300,2,2
91501290,10328,0,0,14.0,700,1,2
91501290,10332,0,0,15.8,1000,2,2
91501290,10438,0,0,15.26,200,2,2
91501290,10443,0,0,15.28,300,2,2
91501290,10455,0,0,15.3,300,2,2
91501290,10459,0,0,15.32,300,2,2
91501290,10467,0,0,15.34,300,2,2
91501290,11094,0,0,14.82,1000,1,2
91501290,11205,0,0,14.65,2000,1,2
91501390,12879,0,0,15.98,100,2,2
91501390,12882,0,0,14.7,100,1,2
91501390,13578,0,0,16.0,600,2,2
91501390,13764,0,0,16.51,700,2,2
91501510,14737,0,0,15.1,600,2,2
91501510,14746,0,0,15.15,600,2,2
91501510,14760,0,0,15.2,600,2,2
91501510,14782,0,0,15.25,600,2,2
91501510,14805,0,0,15.3,600,2,2
91501510,14818,0,0,15.35,600,2,2
91501510,14819,0,0,15.4,600,2,2
91501510,14855,0,0,15.43,600,2,2
91501510,14871,0,0,15.45,600,2,2
91501510,14872,0,0,15.48,600,2,2
91501510,14873,0,0,15.5,1000,2,2
91501510,14893,0,0,15.6,1000,2,2
91501510,14894,0,0,15.7,1000,2,2
91501510,14907,0,0,15.8,1000,2,2
91501510,14918,0,0,15.9,1000,2,2
91501510,14933,0,0,15.95,1000,2,2
91501510,14934,0,0,16.0,1000,2,2
91501510,14945,0,0,16.05,1000,2,2
91501510,14971,0,0,16.1,1000,2,2
91501510,14981,0,0,16.2,1000,2,2
91501510,14992,0,0,16.3,1000,2,2
91501510,15003,0,0,16.4,1000,2,2
91501510,15004,0,0,16.45,1000,2,2
91501510,15005,0,0,16.5,1000,2,2
91501510,15006,0,0,16.53,1000,2,2
91501510,15015,0,0,15.33,1000,2,2
91501510,15104,0,0,14.98,600,1,2
91501510,15105,0,0,14.95,600,1,2
91501510,15106,0,0,14.92,600,1,2
91501510,15116,0,0,14.9,600,1,2
91501510,15202,0,0,16.46,2000,2,2
91501630,16724,0,0,14.7,2800,1,2
91501630,17051,0,0,15.6,800,2,2
91501630,17675,0,0,15.3,100,1,2
91501630,17872,0,0,16.03,800,2,2
91501630,17918,0,0,14.62,2000,1,2
91501630,17956,0,0,15.48,500,2,2
91501750,18069,0,0,15.27,1100,2,2
91501750,18113,0,0,16.53,200,2,2
91501750,18455,0,0,15.55,500,2,2
91501750,18734,0,0,16.53,200,2,2
91501750,18811,0,0,16.53,1000,2,2
91501750,19538,0,0,16.53,900,2,2
91501860,19982,0,0,15.5,200,2,2
91501860,19986,0,0,15.4,200,2,2
91501860,20003,0,0,15.3,200,2,2
91501860,20221,0,0,15.03,600,2,2
91501860,21318,0,0,16.53,200,2,2
91501860,21581,0,0,15.3,2000,2,2
91501860,21775,0,0,15.25,1500,2,2
91501980,22005,0,0,14.45,500,1,2
91501980,22006,0,0,13.95,500,1,2
91501980,22007,0,0,15.45,500,2,2
91501980,22008,0,0,15.95,500,2,2
91501980,22555,0,0,16.52,100,2,2
91501980,22966,0,0,15.58,200,2,2
91501980,23042,0,0,14.7,1500,1,2
91501980,23052,0,0,15.3,1500,2,2
91501980,23171,0,0,16.13,400,2,2
91501980,23421,0,0,15.4,3100,2,2
91501980,23422,0,0,15.7,3000,2,2
91501980,23724,0,0,16.48,6400,2,2
91501980,23841,0,0,13.53,2000,2,2
91502110,23972,0,0,14.5,1000,1,2
91502110,24728,0,0,15.63,200,2,2
91502110,24759,0,0,16.52,100,2,2
91502110,24852,0,0,14.86,300,1,2
91502110,24944,0,0,14.04,400,1,2
91502110,25264,0,0,16.53,100,2,2
91502230,25901,0,0,16.53,2000,2,2
91502230,27052,0,0,14.04,2000,1,2
91502360,27862,0,0,16.38,600,2,2
91502360,28102,0,0,14.01,500,1,2
91502360,28137,0,0,15.34,500,2,2
91502360,28326,0,0,16.53,500,2,2
91502360,28329,0,0,14.61,100,1,2
91502360,28338,0,0,14.0,100,1,2
91502360,29166,0,0,16.3,100,2,2
91502360,29255,0,0,15.25,700,2,2
91502360,29426,0,0,16.52,200,2,2
91502360,29503,0,0,15.94,200,2,2
91502360,29658,0,0,15.31,2000,2,2
91502490,29704,0,0,16.52,300,2,2
91502490,29735,0,0,14.55,200,1,2
91502490,30023,0,0,16.53,10000,2,2
91502490,30152,0,0,14.0,700,1,2
91502490,30462,0,0,15.35,1600,2,2
91502490,30579,0,0,15.8,1800,2,2
91502490,30677,0,0,15.7,16000,2,2
91502490,31110,0,0,15.44,1500,2,2
91502490,31153,0,0,15.6,3500,2,2
91502490,31166,0,0,14.6,300,1,2
91502490,31408,0,0,15.33,300,2,2
91502490,31421,0,0,15.53,500,2,2
91502490,31422,0,0,16.03,300,2,2
91502620,32012,0,0,15.48,400,2,2
91502620,32015,0,0,15.78,400,2,2
91502620,32032,0,0,16.08,400,2,2
91502620,32033,0,0,16.23,400,2,2
91502620,32036,0,0,16.38,400,2,2
91502620,32037,0,0,16.48,400,2,2
91502620,32363,0,0,16.53,500,2,2
91502620,32526,0,0,14.51,4000,1,2
91502620,32935,0,0,13.58,6000,1,2
91502620,32951,0,0,16.3,600,2,2
91502620,33489,0,0,14.78,300,1,2
91502740,33782,0,0,16.53,1100,2,2
91502740,33783,0,0,15.11,800,2,2
91502740,33852,0,0,15.2,200,2,2
91502740,34867,0,0,15.34,1800,2,2
91502740,35308,0,0,16.0,100,2,2
91502740,35508,0,0,15.51,300,2,2
91502740,35510,0,0,14.0,300,1,2
91502880,36287,0,0,14.79,100,1,2
91502880,36378,0,0,15.73,2000,2,2
91502880,36715,0,0,16.48,2000,2,2
91502880,37128,0,0,15.38,300,2,2
91503010,37749,0,0,16.5,3000,2,2
91503010,37772,0,0,16.53,300,2,2
91503010,37792,0,0,15.5,2100,2,2
91503010,37922,0,0,15.83,1000,2,2
91503010,37958,0,0,16.36,200,2,2
91503010,38540,0,0,16.52,4300,2,2
91503010,38715,0,0,14.59,100,1,2
91503010,38762,0,0,14.22,400,1,2
91503010,39348,0,0,15.68,2000,2,2
91503010,39469,0,0,15.88,10400,2,2
91503140,40195,0,0,14.7,1000,1,2
91503140,40691,0,0,16.53,2300,2,2
91503140,40881,0,0,14.29,1400,1,2
91503140,40899,0,0,15.69,300,2,2
91503280,41530,0,0,16.52,600,2,2
91503280,42076,0,0,15.2,200,2,2
91503280,42077,0,0,15.6,200,2,2
91503280,42078,0,0,16.0,200,2,2
91503280,42079,0,0,16.4,200,2,2
91503280,42134,0,0,15.36,300,2,2
91503280,42138,0,0,15.38,300,2,2
91503280,42140,0,0,15.4,300,2,2
91503280,42143,0,0,15.42,300,2,2
91503280,42145,0,0,15.44,300,2,2
91503280,42232,0,0,14.4,2100,1,2
91503280,42448,0,0,15.46,300,2,2
91503280,42449,0,0,15.48,300,2,2
91503280,42453,0,0,15.5,300,2,2
91503280,42454,0,0,15.52,300,2,2
91503280,42455,0,0,15.54,300,2,2
91503280,42456,0,0,15.56,300,2,2
91503280,42457,0,0,15.58,300,2,2
91503280,42458,0,0,15.6,300,2,2
91503280,42580,0,0,15.62,300,2,2
91503280,42581,0,0,15.64,300,2,2
91503280,42582,0,0,15.66,300,2,2
91503280,42583,0,0,15.68,300,2,2
91503280,42584,0,0,15.7,300,2,2
91503280,42585,0,0,15.72,300,2,2
91503280,42586,0,0,15.74,300,2,2
91503280,42587,0,0,15.76,300,2,2
91503280,42588,0,0,15.78,300,2,2
91503280,42589,0,0,15.8,300,2,2
91503280,42590,0,0,15.82,300,2,2
91503280,42596,0,0,15.84,300,2,2
91503280,42597,0,0,15.86,300,2,2
91503280,42598,0,0,15.88,300,2,2
91503280,42599,0,0,15.9,300,2,2
91503280,42626,0,0,15.92,300,2,2
91503280,42627,0,0,15.94,300,2,2
91503280,42628,0,0,15.96,300,2,2
91503280,42629,0,0,15.98,300,2,2
91503280,42630,0,0,16.0,300,2,2
91503280,42631,0,0,16.02,300,2,2
91503280,42677,0,0,16.52,200,2,2
91503280,42777,0,0,16.04,300,2,2
91503280,42778,0,0,16.06,300,2,2
91503280,42779,0,0,16.08,300,2,2
91503280,42787,0,0,16.1,300,2,2
91503280,42788,0,0,16.12,300,2,2
91503280,42789,0,0,16.14,300,2,2
91503280,43061,0,0,16.16,300,2,2
91503280,43062,0,0,16.18,300,2,2
91503280,43063,0,0,16.2,300,2,2
91503280,43064,0,0,16.22,300,2,2
91503280,43065,0,0,16.24,300,2,2
91503410,44270,0,0,16.26,300,2,2
91503410,44276,0,0,16.28,300,2,2
91503410,44277,0,0,16.3,300,2,2
91503410,44278,0,0,16.32,300,2,2
91503410,44312,0,0,16.34,300,2,2
91503410,44313,0,0,16.36,300,2,2
91503410,44314,0,0,16.38,300,2,2
91503410,44315,0,0,16.4,300,2,2
91503410,44316,0,0,16.42,300,2,2
91503410,44317,0,0,16.44,300,2,2
91503410,44318,0,0,16.46,300,2,2
91503410,44319,0,0,16.48,300,2,2
91503410,44320,0,0,16.5,300,2,2
91503410,44321,0,0,16.52,300,2,2
91503410,44558,0,0,13.66,200,1,2
91503410,44767,0,0,15.3,400,2,2
91503410,44768,0,0,15.5,400,2,2
91503410,44769,0,0,15.7,400,2,2
91503410,44770,0,0,15.9,400,2,2
91503410,44771,0,0,16.1,400,2,2
91503410,44772,0,0,16.3,400,2,2
91503410,44773,0,0,16.5,400,2,2
91503410,44873,0,0,16.38,3000,2,2
91503410,44874,0,0,16.38,1000,2,2
91503410,44905,0,0,16.53,600,2,2
91503550,46681,0,0,15.98,6000,2,2
91503550,47044,0,0,16.53,2700,2,2
91503690,47489,0,0,15.88,1000,2,2
91503690,47490,0,0,16.53,300,2,2
91503690,48671,0,0,14.7,1500,1,2
91503690,48672,0,0,14.5,2000,1,2
91503690,48673,0,0,14.2,1500,1,2
91503690,48677,0,0,14.0,1600,1,2
91503690,48851,0,0,16.53,600,2,2
91503690,48852,0,0,14.61,100,1,2
91503690,48853,0,0,14.0,200,1,2
91503690,49131,0,0,15.53,2000,2,2
91503830,49377,0,0,14.9,500,1,2
91503870,49558,0,0,15.94,100,2,2
91503870,49831,0,0,16.53,600,2,2
91503870,49917,0,0,16.53,2900,2,2
91503870,50212,0,0,15.97,1300,2,2
91503870,50246,0,0,15.71,100,2,2
91503870,50558,0,0,14.71,500,1,2
91504000,51405,0,0,15.89,2000,2,2
91504000,51414,0,0,15.01,3200,2,2
91504000,51438,0,0,16.0,400,2,2
91504000,51588,0,0,16.53,300,2,2
91504000,52109,0,0,15.88,800,2,2
91504000,52347,0,0,14.72,100,1,2
91504000,52885,0,0,16.5,100,2,2
91504000,53082,0,0,15.19,2000,2,2
91504000,53098,0,0,15.39,2000,2,2
91504000,53105,0,0,15.59,2000,2,2
91504000,53134,0,0,15.35,200,2,2
91504140,53366,0,0,15.99,400,2,2
91504140,53564,0,0,15.38,200,2,2
91504140,53643,0,0,15.69,1000,2,2
91504140,53648,0,0,15.79,1000,2,2
91504140,53649,0,0,15.89,1000,2,2
91504140,53881,0,0,14.81,200,1,2
91504140,55254,0,0,15.79,2000,2,2
91504140,55264,0,0,15.99,2000,2,2
91504280,56451,0,0,14.38,600,1,2
91504280,56453,0,0,16.48,500,2,2
91504280,56471,0,0,16.3,3200,2,2
91504280,56982,0,0,14.77,500,1,2
91504280,57047,0,0,15.18,900,2,2
91504410,57227,0,0,16.53,300,2,2
91504410,57359,0,0,16.53,200,2,2
91504410,57935,0,0,15.34,200,2,2
91504410,57965,0,0,15.64,200,2,2
91504410,57966,0,0,15.89,300,2,2
91504410,57988,0,0,16.14,300,2,2
91504410,57989,0,0,16.39,300,2,2
91504410,58066,0,0,14.59,300,1,2
91504410,58081,0,0,14.34,300,1,2
91504410,58082,0,0,14.14,300,1,2
91504410,58133,0,0,13.89,300,1,2
91504410,58134,0,0,13.64,300,1,2
91504410,58376,0,0,16.53,100,2,2
91504410,58548,0,0,16.5,200,2,2
91504410,58560,0,0,14.37,300,1,2
91504410,58618,0,0,14.5,200,1,2
91504540,59211,0,0,14.98,500,1,2
91504540,59313,0,0,15.03,6400,2,2
91504540,59360,0,0,15.5,500,2,2
91504540,59556,0,0,15.19,2800,2,2
91504540,59605,0,0,15.55,500,2,2
91504540,59847,0,0,14.75,1500,1,2
91504540,59920,0,0,15.5,500,2,2
91504540,59951,0,0,15.7,4000,2,2
91504540,59953,0,0,15.99,4000,2,2
91504540,60114,0,0,13.55,500,1,2
91504540,60183,0,0,16.3,4400,2,2
91504540,60256,0,0,16.53,500,2,2
91504540,60264,0,0,14.7,500,1,2
91504540,60265,0,0,14.04,1000,1,2
91504540,60323,0,0,15.28,200,2,2
91504540,60324,0,0,15.58,400,2,2
91504540,60325,0,0,16.03,500,2,2
91504540,60482,0,0,14.8,100,1,2
91504540,60795,0,0,15.53,500,2,2
91504540,60827,0,0,15.72,800,2,2
91504540,60831,0,0,14.94,500,1,2
91504540,60963,0,0,15.29,1000,2,2
91504680,62155,0,0,15.8,2000,2,2
91504680,62162,0,0,15.89,2000,2,2
91504680,62169,0,0,15.97,3000,2,2
91504680,62173,0,0,16.3,2000,2,2
91504680,62178,0,0,16.45,3000,2,2
91504680,62216,0,0,16.13,2000,2,2
91504680,62433,0,0,16.51,2900,2,2
91504680,62535,0,0,15.27,300,2,2
91504680,62536,0,0,15.29,300,2,2
91504680,62537,0,0,15.31,300,2,2
91504680,62545,0,0,16.5,1000,2,2
91504680,62556,0,0,15.33,300,2,2
91504680,62557,0,0,15.35,300,2,2
91504680,62558,0,0,15.37,300,2,2
91504680,62559,0,0,15.39,300,2,2
91504810,63665,0,0,15.03,300,2,2
91504810,63710,0,0,15.99,1000,2,2
91504810,63805,0,0,14.14,200,1,2
91504810,64008,0,0,13.57,300,1,2
91504810,64659,0,0,15.41,400,2,2
91504810,64770,0,0,14.91,100,1,2
91504970,65088,0,0,14.0,100,1,2
91504970,65538,0,0,14.51,900,1,2
91504970,65997,0,0,14.7,1500,1,2
91505050,66726,0,0,14.78,400,1,2
91505050,66727,0,0,14.76,400,1,2
91505050,66729,0,0,14.74,400,1,2
91505050,66731,0,0,14.72,400,1,2
91505050,66962,0,0,13.79,100,1,2
91505050,67100,0,0,16.09,1000,2,2
91505050,67196,0,0,14.7,400,1,2
91505050,67531,0,0,16.53,200,2,2
91505050,67682,0,0,14.68,400,1,2
91505050,67688,0,0,14.66,400,1,2
91505050,67866,0,0,15.88,100,2,2
91505050,67935,0,0,14.81,200,1,2
91505180,68289,0,0,16.0,1000,2,2
91505180,68356,0,0,14.64,400,1,2
91505180,68359,0,0,14.62,400,1,2
91505180,68362,0,0,14.6,400,1,2
91505180,68368,0,0,14.58,400,1,2
91505180,68370,0,0,14.56,400,1,2
91505180,68371,0,0,14.54,400,1,2
91505180,68385,0,0,14.52,400,1,2
91505180,68393,0,0,14.5,400,1,2
91505180,68432,0,0,15.51,1600,2,2
91505180,68489,0,0,15.26,100,2,2
91505180,68600,0,0,15.94,500,2,2
91505180,68615,0,0,15.38,200,2,2
91505180,68939,0,0,15.63,500,2,2
91505180,69364,0,0,14.5,1000,1,2
91505180,69863,0,0,16.5,200,2,2
91505180,69911,0,0,14.8,3000,1,2
91505180,69940,0,0,14.4,1800,1,2
91505180,70014,0,0,15.97,100,2,2
91505320,70060,0,0,16.3,100,2,2
91505320,70530,0,0,14.65,100,1,2
91505320,70697,0,0,14.77,1400,1,2
91505320,70698,0,0,14.55,1400,1,2
91505320,70739,0,0,15.35,100,2,2
91505320,70786,0,0,14.15,300,1,2
91505320,70817,0,0,14.65,200,1,2
91505320,71263,0,0,15.04,1000,1,2
91505320,71486,0,0,14.58,300,1,2
91505320,71556,0,0,15.69,300,2,2
91505470,72078,0,0,15.5,1000,2,2
91505470,72145,0,0,15.05,1600,2,2
91505470,72375,0,0,14.33,400,1,2
91505470,72392,0,0,14.03,400,1,2
91505470,72568,0,0,15.2,300,2,2
91505470,72569,0,0,15.5,300,2,2
91505470,72570,0,0,15.99,300,2,2
91505470,72964,0,0,15.3,500,2,2
91505470,73086,0,0,15.6,500,2,2
91505470,73224,0,0,16.0,300,2,2
91505470,73601,0,0,13.6,200,1,2
91505470,73644,0,0,14.6,400,1,2
91505620,74170,0,0,15.45,1000,2,2
91505620,74172,0,0,16.38,1000,2,2
91505620,74211,0,0,15.93,2000,2,2
91505620,74555,0,0,16.24,700,2,2
91505620,74635,0,0,16.26,100,2,2
91505620,75029,0,0,16.5,145,2,2
91505620,75223,0,0,16.11,300,2,2
91505620,75224,0,0,15.86,200,2,2
91505620,75234,0,0,15.44,200,2,2
91505620,75238,0,0,14.88,300,1,2
91505620,75323,0,0,15.85,1100,2,2
91505620,75338,0,0,16.25,1100,2,2
91505620,75380,0,0,16.0,400,2,2
91505620,75381,0,0,16.5,400,2,2
91505620,75382,0,0,14.6,400,1,2
91505760,76241,0,0,14.32,1000,1,2
91505760,76418,0,0,16.53,1000,2,2
91505760,76714,0,0,16.19,1000,2,2
91505760,76717,0,0,16.29,1000,2,2
91505760,76718,0,0,16.39,1000,2,2
91505760,76725,0,0,16.49,1000,2,2
91505760,76731,0,0,15.49,1000,2,2
91505760,76733,0,0,15.59,1000,2,2
91505760,77543,0,0,15.62,1200,2,2
91505760,77550,0,0,15.82,1300,2,2
91505760,77551,0,0,16.26,1200,2,2
91505760,77805,0,0,15.27,1200,2,2
91505910,77857,0,0,15.46,2000,2,2
91505910,77858,0,0,16.03,1400,2,2
91505910,78108,0,0,16.43,500,2,2
91505910,78257,0,0,15.4,1000,2,2
91505910,78428,0,0,16.0,500,2,2
91505910,78553,0,0,15.48,200,2,2
91505910,78554,0,0,15.93,300,2,2
91505910,78562,0,0,16.38,400,2,2
91505910,79114,0,0,15.04,300,1,2
91505910,79155,0,0,16.52,300,2,2
91505910,79267,0,0,16.0,1000,2,2
91505910,79303,0,0,16.52,200,2,2
91505910,79500,0,0,16.53,6600,2,2
91505910,79574,0,0,16.53,400,2,2
91506040,79798,0,0,16.2,3000,2,2
91506040,79992,0,0,16.27,200,2,2
91506040,81283,0,0,14.8,1000,1,2
91506040,81284,0,0,14.71,1000,1,2
91506040,81285,0,0,14.65,1000,1,2
91506040,81287,0,0,14.6,2000,1,2
91506040,81302,0,0,14.55,2000,1,2
91506040,81305,0,0,15.29,2000,2,2
91506040,81314,0,0,15.39,2000,2,2
91506040,81387,0,0,16.0,500,2,2
91506190,81773,0,0,15.33,1400,2,2
91506190,82845,0,0,16.49,100,2,2
91506190,83340,0,0,16.53,300,2,2
91506330,84189,0,0,15.08,100,2,2
91506330,84214,0,0,16.53,100,2,2
91506330,84288,0,0,14.43,4000,1,2
91506330,84375,0,0,16.5,200,2,2
91506330,84687,0,0,16.52,1600,2,2
91506330,84901,0,0,16.4,100,2,2
91506330,85269,0,0,14.81,400,1,2
91506480,85658,0,0,14.7,100,1,2
91506480,86058,0,0,15.27,100,2,2
91506480,86328,0,0,13.55,200,1,2
91506480,87134,0,0,14.0,800,1,2
91506480,87387,0,0,16.53,1000,2,2
91506480,87396,0,0,16.53,500,2,2
91506480,87457,0,0,14.7,500,1,2
91506680,87645,0,0,16.52,300,2,2
91506680,88124,0,0,13.53,100,1,2
91506680,88953,0,0,15.09,500,2,2
91506680,88954,0,0,14.94,500,1,2
91506680,89207,0,0,14.23,500,1,2
91506680,89501,0,0,15.97,800,2,2
91506680,89502,0,0,16.17,1000,2,2
91506680,89503,0,0,16.37,1500,2,2
91506840,89654,0,0,16.51,500,2,2
91506840,89704,0,0,14.69,10600,1,2
91506840,89909,0,0,16.52,2300,2,2
91506840,89967,0,0,15.46,1000,2,2
91506840,90112,0,0,15.15,5000,2,2
91506840,90113,0,0,14.85,5000,1,2
91506840,91413,0,0,16.52,200,2,2
91506990,91659,0,0,15.0,1000,1,2
91506990,91720,0,0,14.6,100,1,2
91506990,92384,0,0,16.53,800,2,2
91506990,92457,0,0,15.9,200,2,2
91507140,94330,0,0,14.88,500,1,2
91507230,95667,0,0,16.53,14000,2,2
91507230,95674,0,0,16.53,400,2,2
91507230,95884,0,0,14.97,500,1,2
91507230,96020,0,0,14.7,200,1,2
91507480,98523,0,0,16.06,1000,2,2
91507480,98955,0,0,14.75,100,1,2
91507480,98964,0,0,14.5,1400,1,2
91507480,98979,0,0,16.53,8500,2,2
91507480,99058,0,0,14.51,1000,1,2
91507480,99491,0,0,15.35,700,2,2
91507480,99548,0,0,15.5,1000,2,2
91507480,99562,0,0,16.0,1000,2,2
91507480,99572,0,0,15.67,700,2,2
91507630,99628,0,0,16.04,700,2,2
91507630,99691,0,0,16.26,700,2,2
91507630,99827,0,0,16.4,400,2,2
91507630,99865,0,0,16.26,500,2,2
91507630,99898,0,0,16.53,700,2,2
91507630,99899,0,0,14.69,700,1,2
91507630,99921,0,0,14.56,10000,1,2
91507630,100328,0,0,13.77,100,1,2
91507630,100990,0,0,15.5,1000,2,2
91507630,100994,0,0,16.0,1000,2,2
91507630,101299,0,0,14.99,200,1,2
91507630,101497,0,0,14.83,600,1,2
91507790,101574,0,0,15.49,1000,2,2
91507790,102245,0,0,16.0,700,2,2
91507790,103428,0,0,15.0,300,1,2
91507960,103696,0,0,15.98,1000,2,2
91507960,104014,0,0,15.5,1000,2,2
91507960,104022,0,0,16.0,1000,2,2
91507960,104146,0,0,14.85,100,1,2
91507960,104167,0,0,15.13,600,2,2
91507960,104169,0,0,15.86,5400,2,2
91508070,104886,0,0,14.79,600,1,2
91508070,104968,0,0,16.38,200,2,2
91508070,104992,0,0,15.7,1400,2,2
91508070,105235,0,0,15.4,1000,2,2
91508070,105362,0,0,14.8,25600,1,2
91508070,105434,0,0,16.0,500,2,2
91508070,105670,0,0,14.38,700,1,2
91508070,105808,0,0,14.8,500,1,2
91508070,105838,0,0,14.8,3000,1,2
91508070,106771,0,0,14.26,800,1,2
91508220,107494,0,0,15.69,1000,2,2
91508220,107495,0,0,15.79,1000,2,2
91508220,107629,0,0,15.89,1000,2,2
91508220,107666,0,0,15.99,1000,2,2
91508220,107748,0,0,14.74,500,1,2
91508220,107817,0,0,16.09,1000,2,2
91508220,107820,0,0,16.19,1000,2,2
91508220,107827,0,0,16.29,1000,2,2
91508220,107850,0,0,16.39,1000,2,2
91508220,107899,0,0,14.8,500,1,2
91508220,107980,0,0,16.49,1000,2,2
91508380,109295,0,0,16.48,100,2,2
91508380,109429,0,0,14.5,1200,1,2
91508380,109634,0,0,14.5,1700,1,2
91508380,109792,0,0,15.53,100,2,2
91508380,109949,0,0,14.8,200,1,2
91508380,110179,0,0,14.78,1200,1,2
91508530,110675,0,0,14.8,1000,1,2
91508530,110691,0,0,15.5,100,2,2
91508530,111001,0,0,15.15,10000,2,2
91508590,111408,0,0,14.6,100,1,2
91508590,111609,0,0,16.5,100,2,2
91508590,111781,0,0,15.39,500,2,2
91508590,111925,0,0,15.04,2000,1,2
91508590,112241,0,0,16.53,300,2,2
91508590,112524,0,0,14.98,100,1,2
91508590,112664,0,0,16.0,300,2,2
91508590,112680,0,0,14.62,1000,1,2
91508590,112911,0,0,15.8,400,2,2
91508760,113435,0,0,14.6,800,1,2
91508760,113436,0,0,15.48,1500,2,2
91508760,113437,0,0,15.64,1500,2,2
91508840,114647,0,0,14.75,200,1,2
91508840,114647,0,0,14.75,200,3,2
91508930,115431,0,0,15.42,700,2,2
91508930,115842,0,0,15.41,300,2,2
91508930,115843,0,0,15.43,300,2,2
91508930,115925,0,0,15.45,300,2,2
91508930,115978,0,0,14.5,100,1,2
91508930,116049,0,0,15.47,300,2,2
91508930,116051,0,0,15.49,300,2,2
91508930,116076,0,0,15.51,300,2,2
91508930,116098,0,0,15.53,300,2,2
91508930,116163,0,0,15.55,300,2,2
91508930,116166,0,0,15.57,300,2,2
91508930,116167,0,0,15.59,300,2,2
91508930,116168,0,0,15.61,300,2,2
91508930,116169,0,0,15.63,300,2,2
91508930,116182,0,0,15.65,300,2,2
91508930,116329,0,0,15.67,300,2,2
91508930,116334,0,0,15.69,300,2,2
91508930,116335,0,0,15.71,300,2,2
91508930,116339,0,0,15.73,300,2,2
91508930,116340,0,0,15.75,300,2,2
91508930,116473,0,0,15.77,300,2,2
91508930,116558,0,0,15.79,300,2,2
91508930,116564,0,0,15.81,300,2,2
91508930,116565,0,0,15.83,300,2,2
91508930,116572,0,0,15.85,300,2,2
91508930,116615,0,0,14.5,100,1,2
91508930,116682,0,0,15.08,1000,2,2
91508930,116769,0,0,15.87,300,2,2
91508930,116772,0,0,15.89,300,2,2
91508930,116776,0,0,15.91,300,2,2
91508930,116780,0,0,15.93,300,2,2
91508930,116794,0,0,15.15,1000,2,2
91508930,116797,0,0,15.2,1000,2,2
91509090,116838,0,0,15.25,1000,2,2
91509090,116843,0,0,15.3,1000,2,2
91509090,116860,0,0,15.4,1000,2,2
91509090,116866,0,0,15.5,1000,2,2
91509090,116870,0,0,15.6,1000,2,2
91509090,116925,0,0,15.7,1000,2,2
91509090,116933,0,0,15.95,300,2,2
91509090,116937,0,0,15.97,300,2,2
91509090,116945,0,0,15.8,1000,2,2
91509090,116954,0,0,15.9,1000,2,2
91509130,117044,0,0,14.9,1000,1,2
91509130,117068,0,0,14.85,1000,1,2
91509130,117100,0,0,16.53,200,2,2
91509130,117114,0,0,15.99,300,2,2
91509130,117115,0,0,16.01,300,2,2
91509130,117116,0,0,16.03,300,2,2
91509130,117118,0,0,16.05,300,2,2
91509130,117174,0,0,16.07,300,2,2
91509130,117175,0,0,16.09,300,2,2
91509130,117176,0,0,16.11,300,2,2
91509130,117228,0,0,14.8,2000,1,2
91509130,117288,0,0,16.13,300,2,2
91509130,117333,0,0,16.15,300,2,2
91509130,117387,0,0,15.83,1000,2,2
91509130,117471,0,0,16.17,300,2,2
91509130,117473,0,0,16.19,300,2,2
91509130,117496,0,0,16.21,300,2,2
91509130,117630,0,0,16.23,300,2,2
91509130,117635,0,0,16.25,300,2,2
91509130,117765,0,0,16.27,300,2,2
91509130,117766,0,0,16.29,300,2,2
91509130,117773,0,0,16.31,300,2,2
91509130,117824,0,0,14.79,600,1,2
91509130,118015,0,0,16.33,300,2,2
91509130,118016,0,0,16.35,300,2,2
91509130,118037,0,0,16.37,300,2,2
91509130,118038,0,0,16.39,300,2,2
91509130,118051,0,0,15.6,200,2,2
91509130,118054,0,0,16.35,500,2,2
91509130,118157,0,0,16.41,300,2,2
91509130,118301,0,0,16.43,300,2,2
91509130,118302,0,0,16.45,300,2,2
91509130,118864,0,0,16.47,300,2,2
91509130,118870,0,0,16.49,300,2,2
91509130,118874,0,0,15.04,500,2,2
91509130,118893,0,0,16.51,300,2,2
91509290,118923,0,0,16.53,300,2,2
91509290,119075,0,0,15.67,2500,2,2
91509290,119095,0,0,16.53,500,2,2
91509290,119110,0,0,15.02,400,1,2
91509290,119244,0,0,16.09,2500,2,2
91509290,119263,0,0,16.52,2500,2,2
91509290,119382,0,0,14.88,2000,1,2
91509290,119964,0,0,14.86,100,1,2
91509290,120329,0,0,16.27,200,2,2
91509290,120385,0,0,16.52,1400,2,2
91509290,120513,0,0,16.36,900,2,2
91509290,120743,0,0,14.7,100,1,2
91509440,120968,0,0,14.86,100,1,2
91509440,121085,0,0,16.53,2000,2,2
91509440,121143,0,0,15.15,1000,2,2
91509440,121847,0,0,16.47,400,2,2
91509440,122057,0,0,15.1,1400,1,2
91509580,122645,0,0,16.53,4400,2,2
91509580,88124,0,0,13.53,100,3,2
91509580,123247,0,0,14.58,100,1,2
91509740,124524,0,0,16.0,200,2,2
91509740,124673,0,0,15.28,2000,2,2
91509740,124888,0,0,15.46,2000,2,2
91509810,125306,0,0,16.53,3000,2,2
91509810,125500,0,0,14.88,1000,1,2
91509810,125503,0,0,14.72,1000,1,2
91509810,125832,0,0,15.28,800,2,2
91509810,125833,0,0,15.38,800,2,2
91509810,125834,0,0,15.48,800,2,2
91509810,125835,0,0,15.58,800,2,2
91509810,125836,0,0,15.68,800,2,2
91509810,125837,0,0,15.78,800,2,2
91509810,125838,0,0,15.88,800,2,2
91509810,125839,0,0,15.98,800,2,2
91509810,125840,0,0,14.75,800,1,2
91509810,125841,0,0,14.7,800,1,2
91509810,125843,0,0,14.65,800,1,2
91509810,125844,0,0,14.6,800,1,2
91509810,125845,0,0,14.55,800,1,2
91509810,125846,0,0,14.5,800,1,2
91509810,125847,0,0,14.45,800,1,2
91509810,125848,0,0,14.4,800,1,2
91509810,125986,0,0,16.17,4400,2,2
91509810,126367,0,0,15.61,2000,2,2
91509810,126565,0,0,14.71,300,1,2
91509810,126596,0,0,14.77,600,1,2
91509810,126597,0,0,14.75,400,1,2
91509810,126599,0,0,14.73,400,1,2
91509810,126762,0,0,14.71,400,1,2
91509810,126765,0,0,14.69,400,1,2
91509810,126767,0,0,14.67,400,1,2
91509810,126771,0,0,14.65,400,1,2
91509810,126814,0,0,14.63,400,1,2
91509810,126868,0,0,14.68,1000,1,2
91509950,126907,0,0,14.61,400,1,2
91509950,126911,0,0,14.59,400,1,2
91509950,126919,0,0,15.16,1000,2,2
91509950,126960,0,0,14.57,400,1,2
91509950,126970,0,0,14.55,400,1,2
91509950,126983,0,0,14.53,400,1,2
91509950,127099,0,0,14.51,400,1,2
91509950,127113,0,0,14.31,60000,1,2
91509950,127369,0,0,15.33,6000,2,2
91509950,127877,0,0,16.53,400,2,2
91510110,129362,0,0,13.68,10000,1,2
91510110,129460,0,0,14.7,1000,1,2
91510110,129498,0,0,16.5,700,2,2
91510190,129551,0,0,15.5,5900,2,2
91510190,129567,0,0,15.27,2000,2,2
91510190,129874,0,0,15.48,300,2,2
91510280,130395,0,0,16.52,2600,2,2
91510280,130572,0,0,15.85,100,2,2
91510280,130594,0,0,16.16,100,2,2
91510280,130677,0,0,16.46,100,2,2
91510280,130729,0,0,14.05,1000,1,2
91510280,130765,0,0,16.32,200,2,2
91510280,131025,0,0,15.3,2000,2,2
91510390,131465,0,0,15.4,400,2,2
91510390,131562,0,0,16.53,200,2,2
91510390,131789,0,0,15.19,200,2,2
91510440,131866,0,0,14.9,100,1,2
91510440,131994,0,0,16.52,2400,2,2
91510440,132048,0,0,14.23,5000,1,2
91510500,132821,0,0,16.53,500,2,2
91510500,132840,0,0,14.68,3000,1,2
91510620,133537,0,0,16.48,500,2,2
91510620,133543,0,0,16.3,300,2,2
91510620,133544,0,0,16.5,300,2,2
91510640,133634,0,0,14.0,300,1,2
91510640,133701,0,0,15.1,1900,2,2
91510670,133894,0,0,15.83,100,2,2
91510670,133906,0,0,15.55,900,2,2
91510720,134265,0,0,15.03,100,1,2
91510780,134615,0,0,15.35,300,2,2
91510800,134804,0,0,13.6,500,1,2
91510830,135137,0,0,15.5,200,2,2
91510920,135523,0,0,15.01,900,1,2
91510920,135534,0,0,14.9,100,1,2
91510970,135894,0,0,15.2,100,2,2
91510970,135911,0,0,15.3,100,2,2
91510970,135912,0,0,15.5,100,2,2
91511060,136547,0,0,15.25,300,2,2
91511180,137143,0,0,16.53,100,2,2
91511180,137168,0,0,14.9,200,1,2
91511230,137417,0,0,15.05,600,2,2
91511270,137520,0,0,15.0,100,1,2
91511350,138083,0,0,14.45,200,1,2
91511530,139022,0,0,13.66,100,1,2
91511700,139926,0,0,16.08,12500,2,2
91511830,140582,0,0,15.03,3000,2,2
91511830,140587,0,0,16.53,100,2,2
91511850,140642,0,0,15.8,3000,2,2
91511870,140907,0,0,15.03,500,1,2
91511960,141264,0,0,15.3,500,2,2
91511960,141290,0,0,16.53,2900,2,2
91511990,141358,0,0,16.04,1000,2,2
91512040,141772,0,0,15.03,1100,1,2
91512090,142162,0,0,16.3,800,2,2
91512150,142421,0,0,14.52,1000,1,2
91512210,142751,0,0,16.53,1400,2,2
91512450,144197,0,0,13.6,2900,1,2
91512550,144476,0,0,16.49,2500,2,2
91512550,144512,0,0,16.53,1800,2,2
91512610,144699,0,0,16.53,300,2,2
91512660,144942,0,0,16.53,300,2,2
91512780,145503,0,0,14.03,100,2,2
91512950,146009,0,0,16.5,1500,2,2
91512990,146183,0,0,13.53,1000,1,2
91513230,146875,0,0,15.7,300,2,2
91513380,147283,0,0,16.2,400,2,2
91513530,147670,0,0,16.53,4000,2,2
91513560,147705,0,0,15.18,400,2,2
91513600,147797,0,0,14.5,100,1,2
91513740,148113,0,0,14.86,600,1,2
91513860,148391,0,0,16.53,1000,2,2
91513860,148396,0,0,15.36,1200,2,2
91514170,149199,0,0,14.75,200,1,2
91514170,149201,0,0,14.5,200,1,2
91514170,149202,0,0,14.25,200,1,2
91514170,149203,0,0,14.0,200,1,2
91514210,149301,0,0,15.65,100,2,2
91514240,149366,0,0,15.75,200,2,2
91514240,149367,0,0,16.0,200,2,2
91514240,149368,0,0,16.25,200,2,2
91514240,149371,0,0,16.53,400,2,2
91514910,150700,0,0,15.11,30000,2,2
91515370,151613,0,0,13.53,100,1,2
91515390,151645,0,0,13.53,100,1,2
91516090,152867,0,0,16.53,700,2,2
91516150,152924,0,0,15.94,100,2,2
91516170,152951,0,0,14.42,100,1,2
91517200,153345,0,0,15.27,1400,2,2
91517280,153374,0,0,13.53,300,1,2
91517600,153446,0,0,15.18,600,2,2
91520360,151613,0,0,13.53,100,3,2
91520380,151645,0,0,13.53,100,3,2
91526490,153345,0,0,15.27,1400,4,2
91531890,155489,0,0,14.85,400,1,2
91533220,155642,0,0,16.32,100,2,2
91533220,155644,0,0,14.76,100,1,2
91534320,155800,0,0,16.08,100,2,2
91534380,155805,0,0,15.76,100,1,2
91539160,156554,0,0,14.81,700,1,2
91542750,157063,0,0,14.98,9200,2,2
91544450,157314,0,0,15.28,700,2,2
91551520,157063,0,0,14.98,9200,4,2
91600200,159799,0,0,14.94,2300,1,2
91601830,160090,0,0,13.53,100,1,2
91601830,160092,0,0,16.53,100,2,2
91603890,160395,0,0,14.96,9200,2,2
91604090,160428,0,0,15.56,11000,2,2
91606830,160090,0,0,13.53,100,3,2
91606830,160092,0,0,16.53,100,4,2
91611930,160395,0,0,14.96,9200,4,2
91622470,162139,0,0,16.52,8000,2,2
91622820,145503,0,0,14.03,100,4,2
91622990,162189,0,0,14.5,2000,1,2
91626160,162467,0,0,15.03,100,2,2
91630490,162898,0,0,14.48,100,1,2
91630490,162899,0,0,16.48,100,2,2
91631380,162994,0,0,15.03,200,2,2
91633290,163173,0,0,16.38,2000,2,2
91639480,163795,0,0,14.98,200,1,2
91642330,164092,0,0,14.74,200,2,2
91646890,164511,0,0,14.52,2000,1,2
91650070,164833,0,0,16.53,700,2,2
91704380,166261,0,0,14.91,2000,1,2
91704530,166288,0,0,15.28,400,2,2
91712890,167282,0,0,14.8,600,1,2
91714510,167464,0,0,15.28,700,2,2
91719830,168051,0,0,16.53,100,2,2
91723780,168464,0,0,16.23,1000,2,2
91727410,168464,0,0,16.23,1000,4,2
91729330,169078,0,0,15.77,700,2,2
91729590,169103,0,0,14.0,100,1,2
91737090,169947,0,0,14.88,1000,1,2
91738870,170161,0,0,15.97,700,2,2
91739610,170233,0,0,14.81,1900,1,2
91741140,170396,0,0,15.0,10000,2,2
91742690,170587,0,0,14.6,800,1,2
91743340,170653,0,0,15.98,1000,2,2
91750720,171465,0,0,15.3,200,2,2
91751710,171588,0,0,15.29,7300,2,2
91751820,171600,0,0,16.53,100,2,2
91753160,171725,0,0,16.47,700,2,2
91753760,171807,0,0,14.9,100,1,2
91759030,172548,0,0,15.98,100,2,2
91801790,172930,0,0,14.8,200,1,2
91803270,173105,0,0,15.1,700,2,2
91813370,174248,0,0,16.27,700,2,2
91814160,174340,0,0,16.53,700,2,2
91814300,174354,0,0,15.1,5000,2,2
91816680,174633,0,0,15.2,700,2,2
91817910,174781,0,0,15.0,1000,1,2
91823510,175472,0,0,14.46,400,1,2
91823510,175476,0,0,15.88,100,2,2
91828650,176126,0,0,16.5,100,2,2
91830190,176304,0,0,13.53,14800,2,2
91832300,176562,0,0,15.2,5000,2,2
91832580,176594,0,0,15.99,10000,2,2
91834010,176779,0,0,15.0,300,2,2
91835050,176908,0,0,15.0,26600,2,2
91839170,174781,0,0,15.0,1000,3,2
91841430,177739,0,0,14.0,400,1,2
91844740,166261,0,0,14.91,2000,3,2
91845610,178296,0,0,14.94,100,2,2
91846440,178380,0,0,15.1,200,2,2
91848260,178608,0,0,14.8,1500,1,2
91850250,178855,0,0,14.94,100,1,2
91851390,178999,0,0,15.39,1000,2,2
91851650,179030,0,0,14.51,400,1,2
91851890,179064,0,0,15.3,5000,2,2
91852070,179100,0,0,15.25,10700,2,2
91853170,163795,0,0,14.98,200,3,2
91853370,179259,0,0,14.71,400,1,2
91854180,179349,0,0,15.08,1200,2,2
91854820,179419,0,0,16.53,100,2,2
91855450,179491,0,0,15.0,1000,1,2
91857860,179801,0,0,16.02,500,2,2
91901670,180298,0,0,15.16,700,2,2
91903080,180472,0,0,15.39,9200,2,2
91907690,181058,0,0,14.91,1000,1,2
91909760,181316,0,0,14.94,1500,1,2
91909810,179491,0,0,15.0,1000,3,2
91910190,181370,0,0,16.53,500,2,2
91911910,178855,0,0,14.94,100,3,2
91912190,181663,0,0,14.86,300,1,2
91917950,182494,0,0,15.39,1000,2,2
91918530,182569,0,0,15.45,5000,2,2
91919370,182679,0,0,14.91,600,1,2
91921050,182890,0,0,15.03,1000,1,2
91921640,182967,0,0,14.66,1000,1,2
91921810,182992,0,0,14.92,200,1,2
91925970,181316,0,0,14.94,1500,3,2
91927950,183773,0,0,15.01,13000,2,2
91930530,184163,0,0,14.94,400,1,2
91931780,182890,0,0,15.03,1000,3,2
91938870,185304,0,0,14.9,1500,1,2
91940320,185520,0,0,14.94,1400,1,2
91942280,185781,0,0,14.88,1500,1,2
91942510,176304,0,0,13.53,14800,4,2
91944810,186142,0,0,14.95,1000,1,2
91946970,109949,0,0,14.8,200,3,2
91947290,186504,0,0,15.67,100,2,2
91948190,186620,0,0,13.88,2000,1,2
91948910,131866,0,0,14.9,100,3,2
91951290,187031,0,0,15.0,10000,1,2
91952200,187160,0,0,15.1,1000,1,2
91955030,187580,0,0,14.33,2000,1,2
91955990,187712,0,0,14.75,500,1,2
91956300,187763,0,0,15.0,200,1,2
91957310,187920,0,0,16.23,1700,2,2
91957600,187959,0,0,16.53,300,2,2
92000150,188354,0,0,15.2,1000,2,2
92002080,188866,0,0,15.33,100,1,2
92002170,188929,0,0,14.95,300,1,2
92006590,189768,0,0,14.91,200,1,2
92007890,189973,0,0,16.5,3000,2,2
92007950,189981,0,0,14.6,200,1,2
92011540,190555,0,0,14.85,100,1,2
92012020,190638,0,0,14.91,1000,1,2
92020390,191937,0,0,15.2,100,2,2
92022270,192219,0,0,14.58,1000,1,2
92025340,192664,0,0,15.47,2000,2,2
92025420,192674,0,0,16.53,300,2,2
92027680,192987,0,0,14.58,300,1,2
92031960,193659,0,0,14.23,200,1,2
92032490,193755,0,0,13.55,200,2,2
92032820,193810,0,0,14.74,1000,2,2
92033570,193933,0,0,14.71,1600,1,2
92035570,194238,0,0,15.48,2800,2,2
92041260,195119,0,0,14.68,100,1,2
92042970,195435,0,0,14.58,500,1,2
92045300,195805,0,0,16.53,3800,2,2
92048660,196338,0,0,16.0,3000,2,2
92051670,196809,0,0,16.45,9400,2,2
92051910,196842,0,0,15.39,800,2,2
92057010,197723,0,0,15.18,200,2,2
92059340,198101,0,0,15.44,2200,2,2
92059640,198155,0,0,14.89,2300,1,2
92110720,200047,0,0,16.53,3000,2,2
92119350,201495,0,0,15.05,2900,1,2
92121220,201833,0,0,14.91,2000,1,2
92127060,202865,0,0,14.1,100,1,2
92128250,203065,0,0,16.03,500,2,2
92130070,203381,0,0,15.29,1300,2,2
92131490,203623,0,0,14.91,3300,1,2
92131960,203710,0,0,14.69,9300,1,2
92137900,204818,0,0,15.0,300,1,2
92142670,205659,0,0,14.95,4000,1,2
92143570,205839,0,0,16.53,3000,2,2
92144910,206078,0,0,15.0,1000,1,2
92145420,206169,0,0,15.48,300,2,2
92147250,206488,0,0,16.5,4200,2,2
92157670,208332,0,0,14.0,800,1,2
92200750,208887,0,0,14.7,600,1,2
92200990,208936,0,0,15.26,600,2,2
92201460,209028,0,0,15.19,2000,2,2
92204990,209632,0,0,15.98,400,2,2
92205300,209691,0,0,14.58,100,1,2
92207780,210121,0,0,15.12,900,2,2
92207810,210133,0,0,14.99,500,2,2
92208880,210321,0,0,14.9,700,1,2
92209030,210352,0,0,15.78,1000,2,2
92212730,211040,0,0,14.92,2600,2,2
92214130,211320,0,0,16.53,1700,2,2
92214850,211471,0,0,14.3,100,1,2
92218300,212104,0,0,16.08,500,2,2
92218870,212216,0,0,15.0,1000,2,2
92219990,212441,0,0,14.85,1000,1,2
92220210,212482,0,0,14.92,600,1,2
92221300,212704,0,0,15.08,200,2,2
92221620,212779,0,0,14.85,300,1,2
92223710,213152,0,0,13.53,100,1,2
92224960,213403,0,0,16.53,900,2,2
92225510,213496,0,0,15.48,100,2,2
92226990,213747,0,0,14.95,2400,1,2
92228210,214001,0,0,14.98,1200,2,2
92228330,214020,0,0,14.28,1000,2,2
92230730,214542,0,0,15.79,300,2,2
92232660,214964,0,0,14.99,1000,2,2
92236110,215617,0,0,15.0,200,1,2
92240120,216449,0,0,14.1,400,1,2
92240660,216552,0,0,16.53,11300,2,2
92240720,216573,0,0,14.61,1000,1,2
92243030,217054,0,0,14.58,10000,1,2
92248070,218076,0,0,15.09,3500,2,2
92248830,218227,0,0,14.58,500,1,2
92249730,218427,0,0,15.08,900,2,2
92250060,218505,0,0,14.92,900,1,2
92250960,218706,0,0,15.3,2000,2,2
92251520,218813,0,0,16.08,30000,2,2
92252800,219113,0,0,14.98,1700,2,2
92253600,219279,0,0,14.95,1600,2,2
92253750,219317,0,0,15.0,3400,1,2
92255540,219696,0,0,14.6,600,1,2
92256540,219899,0,0,14.9,200,1,2
92257180,220019,0,0,15.2,1500,2,2
92258840,220371,0,0,15.3,900,2,2
92304110,221578,0,0,15.2,500,2,2
92305320,221832,0,0,15.19,5300,2,2
92305400,221851,0,0,16.0,200,2,2
92307800,222372,0,0,14.85,1500,1,2
92308110,222435,0,0,15.0,2000,1,2
92308260,222470,0,0,14.76,200,1,2
92313670,223631,0,0,14.6,300,1,2
92316490,224289,0,0,16.53,1700,2,2
92317470,224496,0,0,15.0,100,1,2
92317690,224556,0,0,16.1,30000,2,2
92318260,224678,0,0,14.5,2000,2,2
92321530,225469,0,0,15.6,400,2,2
92325840,226508,0,0,15.45,100,1,2
92328310,227150,0,0,14.61,1000,1,2
92329500,227442,0,0,15.0,700,2,2
92330020,227583,0,0,15.28,1000,2,2
92330710,227776,0,0,15.45,100,1,2
92331400,227964,0,0,15.45,100,1,2
92331540,228006,0,0,16.11,30000,2,2
92332450,228262,0,0,15.45,100,1,2
92334830,228914,0,0,15.5,5000,2,2
92337720,229649,0,0,15.19,2000,2,2
92340360,230285,0,0,14.6,700,1,2
92344460,231323,0,0,16.12,30000,2,2
92348780,232455,0,0,15.0,1000,2,2
92352540,233465,0,0,16.53,10000,2,2
92358150,234940,0,0,16.13,30000,2,2
92401920,236173,0,0,14.72,300,1,2
92402150,236236,0,0,15.0,500,1,2
92403270,236599,0,0,14.6,100,1,2
92403990,236829,0,0,15.58,300,2,2
92405260,237294,0,0,15.0,1400,2,2
92405310,237304,0,0,15.99,5000,2,2
92405320,237307,0,0,15.09,500,2,2
92405560,237364,0,0,14.65,100,1,2
92405740,237424,0,0,14.99,1900,2,2
92406380,237590,0,0,14.82,500,1,2
92406790,237712,0,0,16.53,400,2,2
92407290,237852,0,0,15.5,1000,2,2
92408160,238122,0,0,16.53,600,2,2
92409130,238420,0,0,16.4,700,2,2
92409990,238725,0,0,16.14,30000,2,2
92412120,239561,0,0,15.0,6300,2,2
92416860,241264,0,0,16.53,900,2,2
92420460,242608,0,0,14.99,4000,2,2
92421030,242838,0,0,16.15,30000,2,2
92421620,243085,0,0,15.96,5000,2,2
92430030,246466,0,0,15.01,2000,1,2
92435960,249030,0,0,16.16,15700,2,2
92437020,249449,0,0,15.0,3600,2,2
92437970,249859,0,0,15.93,5000,2,2
92439150,250345,0,0,14.6,900,1,2
92439180,250369,0,0,14.98,200,2,2
92439440,250492,0,0,14.9,100,1,2
92440310,250881,0,0,14.86,500,1,2
92441670,251472,0,0,14.7,500,1,2
92442980,252070,0,0,15.51,2000,2,2
92443390,252266,0,0,14.6,1100,1,2
92445400,253220,0,0,15.0,2000,2,2
92449200,255193,0,0,14.98,1200,2,2
92451720,256898,0,0,14.9,23000,2,2
92454060,258762,0,0,15.91,5000,2,2
92454880,259339,0,0,15.11,7000,1,2
92454960,259397,0,0,15.2,600,2,2
92455790,260080,0,0,14.55,2100,2,2
92456410,260886,0,0,15.12,700,1,2
92457100,261587,0,0,16.5,100,2,2
92457820,262282,0,0,15.19,500,2,2
92458090,262531,0,0,14.98,1800,2,2
92458150,262590,0,0,15.0,100,1,2
92458240,262640,0,0,15.16,1400,2,2
92459780,264700,0,0,15.14,3000,1,2
92459810,264779,0,0,15.14,900,1,2
92459960,264957,0,0,14.98,700,2,2
92500940,0,155805,23841,14.99,100,0,0
92500940,0,226508,23841,14.99,100,0,0
92500940,0,227776,23841,14.99,100,0,0
92500940,0,227964,23841,14.99,100,0,0
92500940,0,228262,23841,14.99,100,0,0
92500940,0,188866,23841,14.99,100,0,0
92500940,0,17675,23841,14.99,100,0,0
92500940,0,264700,23841,14.99,1300,0,0
92500940,0,264700,193755,14.99,200,0,0
92500940,0,264700,214020,14.99,1000,0,0
92500940,0,264700,224678,14.99,500,0,0
92500940,0,264779,224678,14.99,900,0,0
92500940,0,260886,224678,14.99,600,0,0
92500940,0,260886,260080,14.99,100,0,0
92500940,0,259339,260080,14.99,2000,0,0
92500940,0,259339,164092,14.99,200,0,0
92500940,0,259339,193810,14.99,1000,0,0
92500940,0,259339,256898,14.99,3800,0,0
92500940,0,122057,256898,14.99,1400,0,0
92500940,0,187160,256898,14.99,1000,0,0
92500940,0,201495,256898,14.99,2900,0,0
92500940,0,4472,256898,14.99,100,0,0
92500940,0,71263,256898,14.99,1000,0,0
92500940,0,79114,256898,14.99,300,0,0
92500940,0,111925,256898,14.99,2000,0,0
92500940,0,8525,256898,14.99,100,0,0
92500940,0,134265,256898,14.99,100,0,0
92500940,0,140907,256898,14.99,500,0,0
92500940,0,141772,256898,14.99,1100,0,0
92500940,0,119110,256898,14.99,400,0,0
92500940,0,135523,256898,14.99,900,0,0
92500940,0,246466,256898,14.99,2000,0,0
92500940,0,91659,256898,14.99,1000,0,0
92500940,0,103428,256898,14.99,300,0,0
92500940,0,137520,256898,14.99,100,0,0
92500940,0,187031,256898,14.99,4000,0,0
92500940,0,187031,211040,14.99,2600,0,0
92500940,0,187031,178296,14.99,100,0,0
92500940,0,187031,219279,14.99,1600,0,0
92500940,0,187031,214001,14.99,1200,0,0
92500940,0,187031,219113,14.99,500,0,0
92500940,0,187763,219113,14.99,200,0,0
92500940,0,204818,219113,14.99,300,0,0
92500940,0,206078,219113,14.99,700,0,0
92500940,0,206078,250369,14.99,200,0,0
92500940,0,206078,255193,14.99,100,0,0
92500940,0,215617,255193,14.99,200,0,0
92500940,0,219317,255193,14.99,900,0,0
92500940,0,219317,262531,14.99,1800,0,0
92500940,0,219317,264957,14.99,700,0,0
92500940,0,222435,210133,14.99,500,0,0
92500940,0,222435,214964,14.99,1000,0,0
92500940,0,222435,237424,14.99,500,0,0
92500940,0,224496,237424,14.99,100,0,0
92500940,0,236236,237424,14.99,500,0,0
92500940,0,262590,237424,14.99,100,0,0
92500940,0,101299,237424,14.99,200,0,0
93000310,266289,0,0,14.68,1000,1,2
93000340,0,15104,266454,14.98,200,2,0
93000400,0,268006,237424,14.99,500,1,0
93000400,0,268006,242608,14.99,4000,1,0
93000400,268006,0,0,14.99,3000,1,2
93000400,268345,0,0,15.03,700,2,2
93000400,268351,0,0,15.23,500,2,2
93000400,268437,0,0,14.8,1000,1,2
93000400,268667,0,0,15.69,700,2,2
93000550,269785,0,0,14.8,2000,1,2
93000550,269869,0,0,16.3,1300,2,2
93000550,270470,0,0,16.5,200,2,2
93001320,272766,0,0,15.89,4500,2,2
93001320,272779,0,0,15.3,1800,2,2
93001370,273121,0,0,14.83,2000,1,2
93001370,273135,0,0,15.28,1000,2,2
93001370,273349,0,0,14.8,100,1,2
93001370,273702,0,0,15.26,1500,2,2
93001370,273835,0,0,14.71,500,1,2
93001470,274308,0,0,15.62,200,2,2
93001600,0,268006,276523,14.99,3000,2,0
93001600,0,15104,276523,14.98,400,2,0
93001600,0,59211,276523,14.98,500,2,0
93001600,0,112524,276523,14.98,100,2,0
93001600,276523,0,0,14.98,66000,2,2
93001600,276579,0,0,14.6,99100,1,2
93001600,276686,0,0,14.02,800,1,2
93001600,277052,0,0,14.94,500,1,2
93001710,277735,0,0,15.05,2000,2,2
93001710,278432,0,0,15.39,500,2,2
93001930,280335,0,0,15.87,4500,2,2
93001930,281728,0,0,15.06,400,2,2
93001930,276523,0,0,14.98,66000,4,2
93002060,282117,0,0,14.72,1100,1,2
93002250,284535,0,0,16.4,1000,2,2
93002380,286179,0,0,14.72,200,1,2
93002380,286556,0,0,14.85,1200,1,2
93002510,287232,0,0,14.91,600,1,2
93002510,287872,0,0,15.28,400,2,2
93002580,288510,0,0,14.6,100,1,2
93002580,288857,0,0,15.29,700,2,2
93002720,0,291318,290548,14.99,200,1,0
93002720,290548,0,0,14.99,1000,2,2
93002720,290650,0,0,16.48,200,2,2
93002860,292048,0,0,15.88,600,2,2
93002860,292079,0,0,15.26,100,2,2
93002860,292465,0,0,15.36,200,2,2
93002860,292492,0,0,14.98,1000,2,2
93002860,292687,0,0,14.99,3400,2,2
93002860,292697,0,0,15.46,200,2,2
93002860,292703,0,0,14.99,1400,2,2
93002860,292762,0,0,14.92,1000,1,2
93002990,0,294156,292492,14.98,400,1,0
93002990,293433,0,0,15.62,300,2,2
93002990,293793,0,0,14.67,400,1,2
93002990,294322,0,0,14.93,400,1,2
93003140,295370,0,0,16.18,1300,2,2
93003140,295596,0,0,16.0,1000,2,2
93003140,295602,0,0,16.5,1000,2,2
93003140,295893,0,0,15.08,9300,2,2
93003140,295954,0,0,16.53,1600,2,2
93003140,296205,0,0,15.23,200,2,2
93003140,296707,0,0,14.9,700,1,2
93003280,296907,0,0,14.83,400,1,2
93003280,186142,0,0,14.95,1000,3,2
93003280,253220,0,0,15.0,2000,4,2
93003280,297771,0,0,14.99,4800,2,2
93003480,0,299777,292492,14.98,100,1,0
93003480,300021,0,0,14.51,700,1,2
93003480,185304,0,0,14.9,1500,3,2
93003480,300338,0,0,14.85,9000,1,2
93003480,155800,0,0,16.08,100,4,2
93003480,301029,0,0,16.52,600,2,2
93003620,301831,0,0,15.46,8100,2,2
93003620,301927,0,0,14.85,6000,1,2
93003620,70698,0,0,14.55,1400,3,2
93003760,302812,0,0,15.0,1400,2,2
93003890,304781,0,0,14.79,1000,1,2
93003890,305783,0,0,14.98,1300,2,2
93003890,305877,0,0,14.76,500,1,2
93004040,307058,0,0,15.16,500,2,2
93004040,307209,0,0,14.94,300,1,2
93004180,308682,0,0,15.85,4500,2,2
93004180,309013,0,0,15.07,700,2,2
93004180,309391,0,0,14.98,2000,2,2
93004180,309421,0,0,15.09,800,2,2
93004340,0,95884,310537,14.97,500,2,0
93004340,0,9687,310537,14.96,1200,2,0
93004340,0,6148,310537,14.95,800,2,0
93004340,0,15105,310537,14.95,600,2,0
93004340,0,188929,310537,14.95,300,2,0
93004340,0,205659,310537,14.95,4000,2,0
93004340,0,213747,310537,14.95,2400,2,0
93004340,310537,0,0,14.95,12300,2,2
93004340,310826,0,0,15.3,100,2,2
93004430,0,311700,310537,14.95,100,1,0
93004430,311886,0,0,14.75,2000,1,2
93004430,312049,0,0,16.53,500,2,2
93004430,312810,0,0,14.81,1300,1,2
93004430,227442,0,0,15.0,700,4,2
93004570,313133,0,0,14.99,800,2,2
93004570,313198,0,0,14.93,200,1,2
93004570,314309,0,0,14.49,100,1,2
93004570,314424,0,0,15.4,1800,2,2
93004700,314631,0,0,15.07,2300,2,2
93004700,315428,0,0,15.98,3000,2,2
93004700,315451,0,0,16.48,57276,2,2
93004700,296907,0,0,14.83,400,3,2
93004700,315779,0,0,13.55,300,1,2
93004700,315834,0,0,14.98,100,2,2
93004700,315878,0,0,14.7,200,1,2
93004840,0,316656,310537,14.95,100,1,0
93004840,0,318153,310537,14.95,2000,1,0
93004840,316591,0,0,14.98,300,2,2
93004840,316633,0,0,16.35,3000,2,2
93004840,317091,0,0,14.81,2000,1,2
93004840,317884,0,0,15.15,1000,2,2
93004980,319014,0,0,14.8,800,1,2
93004980,319618,0,0,14.15,100,1,2
93004980,319929,0,0,14.9,100,1,2
93005120,320164,0,0,15.4,1000,2,2
93005120,320885,0,0,14.73,300,1,2
93005260,322783,0,0,14.67,1400,1,2
93005260,322972,0,0,14.71,200,1,2
93005360,323755,0,0,14.78,1400,1,2
93005360,324663,0,0,14.5,500,1,2
93005360,324688,0,0,14.56,4400,1,2
93005360,324706,0,0,15.5,3000,2,2
93005680,309391,0,0,14.98,2000,4,2
93005680,327244,0,0,14.98,900,2,2
93005680,327691,0,0,14.82,100,1,2
93005680,327727,0,0,14.92,1000,1,2
93005680,328047,0,0,14.5,400,1,2
93005680,328148,0,0,14.6,500,1,2
93005820,0,328760,310537,14.95,2200,1,0
93005820,328733,0,0,15.49,200,2,2
93005820,328859,0,0,14.7,400,1,2
93005820,328879,0,0,14.89,500,1,2
93005820,329031,0,0,14.99,1000,2,2
93005820,329285,0,0,15.18,2000,2,2
93005820,329353,0,0,15.32,1000,2,2
93005820,329488,0,0,14.77,100,1,2
93005820,329710,0,0,16.53,300,2,2
93005820,329711,0,0,14.98,3800,2,2
93005820,329861,0,0,14.71,1500,1,2
93005960,330459,0,0,16.53,8000,2,2
93006100,0,333228,310537,14.95,800,1,0
93006100,332223,0,0,15.0,200,2,2
93006100,332288,0,0,14.99,1000,2,2
93006100,332582,0,0,16.51,100,2,2
93006100,332819,0,0,14.91,2500,1,2
93006100,333511,0,0,15.6,1000,2,2
93006250,0,335410,310537,14.95,100,1,0
93006250,334273,0,0,14.0,500,1,2
93006250,334306,0,0,14.0,500,1,2
93006250,334590,0,0,14.98,1000,2,2
93006250,335267,0,0,14.55,500,1,2
93006250,335304,0,0,14.79,1000,1,2
93006250,335313,0,0,16.2,500,2,2
93006250,335320,0,0,15.79,1000,2,2
93006400,335847,0,0,14.96,2000,2,2
93006400,336284,0,0,15.2,1000,2,2
93006540,337699,0,0,15.98,500,2,2
93006540,338858,0,0,14.85,500,1,2
93006540,339008,0,0,14.98,300,2,2
93006700,0,340217,310537,14.95,3600,1,0
93006700,339691,0,0,14.79,100,1,2
93006700,339963,0,0,16.51,1400,2,2
93006700,340875,0,0,14.9,200,1,2
93006840,341550,0,0,14.85,300,1,2
93006840,341730,0,0,15.64,300,2,2
93006840,342296,0,0,14.98,200,2,2
93006840,342642,0,0,14.67,4000,1,2
93007000,343561,0,0,14.99,300,2,2
93007000,344399,0,0,15.83,4500,2,2
93007180,345648,0,0,15.6,100,2,2
93007180,345974,0,0,14.88,400,1,2
93007340,345974,0,0,14.88,400,3,2
93007340,348235,0,0,15.81,4500,2,2
93007490,349038,0,0,14.68,900,1,2
93007490,349461,0,0,14.97,100,2,2
93007620,351622,0,0,14.82,600,1,2
93007760,0,353337,310537,14.95,100,1,0
93007760,352026,0,0,14.81,1000,1,2
93007760,353500,0,0,14.98,5000,2,2
93007900,0,355002,310537,14.95,400,1,0
93007900,354579,0,0,14.99,3100,2,2
93007900,354782,0,0,14.86,2000,1,2
93007900,354909,0,0,15.79,4000,2,2
93007900,355406,0,0,14.99,600,2,2
93008040,356817,0,0,15.1,10000,2,2
93008330,359815,0,0,14.98,100,2,2
93008330,360126,0,0,14.88,500,1,2
93008470,0,362696,310537,14.95,1300,1,0
93008470,362670,0,0,16.0,200,2,2
93008610,363254,0,0,15.2,300,2,2
93008740,364314,0,0,14.7,400,1,2
93008740,364712,0,0,14.5,200,1,2
93008740,364966,0,0,14.61,300,1,2
93008740,365642,0,0,13.98,200,1,2
93008890,367615,0,0,14.82,800,1,2
93009040,368326,0,0,15.48,1000,2,2
93009040,369112,0,0,16.53,4700,2,2
93009040,369165,0,0,14.7,1200,1,2
93009190,370198,0,0,16.48,5000,2,2
93009540,374388,0,0,14.97,100,2,2
93009540,375299,0,0,16.5,3000,2,2
93009680,376139,0,0,14.77,1000,1,2
93009680,376995,0,0,14.8,700,1,2
93009820,377811,0,0,14.98,3000,2,2
93009820,378178,0,0,14.73,500,1,2
93010270,384161,0,0,15.77,4000,2,2
93010270,384212,0,0,15.19,2000,2,2
93010270,384499,0,0,14.94,600,1,2
93010420,0,60831,384899,14.94,500,2,0
93010420,0,88954,384899,14.94,500,2,0
93010420,0,159799,384899,14.94,2300,2,0
93010420,0,184163,384899,14.94,200,2,0
93010420,384637,0,0,15.99,500,2,2
93010420,384807,0,0,15.5,200,2,2
93010420,384865,0,0,14.94,900,1,2
93010420,385004,0,0,14.94,1600,1,2
93010420,385813,0,0,14.86,400,1,2
93010420,198155,0,0,14.89,2300,3,2
93010570,386674,0,0,16.5,3100,2,2
93010570,387384,0,0,15.92,100,2,2
93010570,387415,0,0,14.98,800,2,2
93010570,387445,0,0,14.98,800,2,2
93010570,387604,0,0,16.52,1200,2,2
93010690,0,388461,310537,14.95,900,1,0
93010690,388306,0,0,14.95,200,2,2
93010690,388373,0,0,14.91,800,1,2
93010690,388485,0,0,15.33,4000,2,2
93010690,388985,0,0,14.9,2000,1,2
93010690,389389,0,0,16.52,1300,2,2
93010820,390054,0,0,14.97,1800,2,2
93010820,389389,0,0,16.52,1300,4,2
93010960,0,391873,310537,14.95,600,1,0
93010960,0,184163,392511,14.94,200,2,0
93010960,387604,0,0,16.52,1200,4,2
93010960,391631,0,0,15.75,4000,2,2
93010960,392847,0,0,14.0,100,1,2
93011100,392970,0,0,14.58,2000,1,2
93011150,393615,0,0,16.18,1500,2,2
93011150,393766,0,0,16.52,1300,2,2
93011290,395724,0,0,14.98,2000,2,2
93011290,396059,0,0,14.98,1800,2,2
93011420,397323,0,0,16.53,6000,2,2
93011420,397898,0,0,14.81,1000,1,2
93011700,400499,0,0,16.53,200,2,2
93011700,400664,0,0,15.2,1000,2,2
93011700,401133,0,0,14.83,400,1,2
93011700,401332,0,0,15.15,500,2,2
93011840,0,402452,310537,14.95,100,1,0
93011840,0,402452,388306,14.95,200,1,0
93011840,0,402452,335847,14.96,100,1,0
93011840,401937,0,0,16.53,1000,2,2
93011840,402457,0,0,14.97,1900,2,2
93011840,402458,0,0,14.97,1900,2,2
93011840,402841,0,0,15.27,1000,2,2
93011840,402870,0,0,14.98,100,2,2
93011980,403790,0,0,15.48,500,2,2
93012070,405716,0,0,14.81,300,1,2
93012230,328047,0,0,14.5,400,3,2
93012230,406547,0,0,15.57,1000,2,2
93012230,406936,0,0,15.66,5000,2,2
93012230,406981,0,0,14.99,2000,2,2
93012230,407289,0,0,16.35,200,2,2
93012230,407720,0,0,14.78,1000,1,2
93012380,0,408934,335847,14.96,100,1,0
93012380,408261,0,0,16.15,200,2,2
93012380,409309,0,0,15.33,500,2,2
93012540,410490,0,0,15.73,4000,2,2
93012540,411045,0,0,15.38,500,2,2
93012540,411335,0,0,14.78,500,1,2
93012670,0,412851,335847,14.96,300,1,0
93012670,411640,0,0,16.0,1000,2,2
93012810,0,185520,413276,14.94,400,2,0
93012810,0,185520,413320,14.94,1000,2,0
93012810,0,277052,413320,14.94,500,2,0
93012810,0,307209,413320,14.94,300,2,0
93012810,0,384499,413320,14.94,200,2,0
93012810,413250,0,0,15.44,1800,2,2
93012810,349461,0,0,14.97,100,4,2
93012810,343561,0,0,14.99,300,4,2
93012810,413945,0,0,15.71,4000,2,2
93012950,0,415719,335847,14.96,1500,1,0
93012950,0,415719,374388,14.97,100,1,0
93012950,0,415719,390054,14.97,1800,1,0
93012950,0,415719,402457,14.97,1900,1,0
93012950,0,415719,402458,14.97,300,1,0
93012950,414715,0,0,15.27,1000,2,2
93012950,415443,0,0,15.11,1000,2,2
93012950,415616,0,0,14.94,200,1,2
93012950,415939,0,0,15.95,200,2,2
93013080,0,416587,402458,14.97,900,1,0
93013080,212441,0,0,14.85,1000,3,2
93013080,417012,0,0,15.75,200,2,2
93013080,417566,0,0,15.87,1000,2,2
93013220,417898,0,0,14.79,1000,1,2
93013220,417930,0,0,14.98,1000,2,2
93013220,418310,0,0,14.66,300,1,2
93013280,418614,0,0,16.51,400,2,2
93013280,418826,0,0,14.98,500,2,2
93013280,419148,0,0,16.0,300,2,2
93013280,302812,0,0,15.0,1400,4,2
93013420,420511,0,0,16.53,700,2,2
93013420,420628,0,0,15.69,3500,2,2
93013420,420717,0,0,15.05,700,2,2
93013420,421035,0,0,15.08,600,2,2
93013420,421329,0,0,14.98,400,2,2
93013420,421580,0,0,14.39,500,1,2
93013420,421629,0,0,14.55,500,1,2
93013560,422264,0,0,15.26,1000,2,2
93013560,422405,0,0,16.06,400,2,2
93013700,423965,0,0,15.55,200,2,2
93013700,424052,0,0,14.98,800,2,2
93013700,424372,0,0,14.77,1000,1,2
93013700,424811,0,0,14.75,500,1,2
93013860,0,425134,402458,14.97,700,1,0
93013860,0,425134,292492,14.98,500,1,0
93013860,425159,0,0,16.53,1000,2,2
93013860,425888,0,0,15.29,300,2,2
93013860,426007,0,0,14.88,200,1,2
93013860,237294,0,0,15.0,1400,4,2
93014000,426981,0,0,14.95,200,1,2
93014000,427504,0,0,15.82,400,2,2
93014130,0,426981,428807,14.95,200,2,0
93014130,0,384499,428807,14.94,100,2,0
93014130,428911,0,0,15.0,2000,2,2
93014130,429115,0,0,14.7,500,1,2
93014130,429198,0,0,16.48,600,2,2
93014130,429229,0,0,14.47,1000,1,2
93014130,429319,0,0,14.97,1000,1,2
93014270,430091,0,0,15.86,1000,2,2
93014270,430960,0,0,14.33,1000,1,2
93014410,431971,0,0,14.98,200,2,2
93014410,432500,0,0,14.81,4400,1,2
93014490,432610,0,0,14.8,3000,1,2
93014490,432669,0,0,14.27,1000,1,2
93014490,433326,0,0,15.67,3500,2,2
93014490,433471,0,0,14.9,1000,1,2
93014490,433668,0,0,15.72,400,2,2
93014490,433804,0,0,15.96,1000,2,2
93014620,434554,0,0,14.94,2000,1,2
93014620,434806,0,0,14.95,3200,1,2
93014620,435276,0,0,16.06,1000,2,2
93014960,0,429319,439247,14.97,100,2,0
93014960,438127,0,0,16.36,1500,2,2
93015100,0,429319,440353,14.97,800,2,0
93015100,0,429319,440761,14.97,100,2,0
93015100,0,434806,440761,14.95,300,2,0
93015100,440323,0,0,14.78,300,1,2
93015230,441340,0,0,15.28,600,2,2
93015230,221578,0,0,15.2,500,4,2
93015230,441962,0,0,14.64,500,1,2
93015380,442974,0,0,15.22,200,2,2
93015380,443080,0,0,14.64,300,1,2
93015380,443449,0,0,14.59,500,1,2
93015450,443737,0,0,14.98,800,2,2
93015450,444233,0,0,14.98,800,2,2
93015450,444742,0,0,14.54,500,1,2
93015580,0,434806,446599,14.95,700,2,0
93015580,446030,0,0,14.49,500,1,2
93015580,446385,0,0,14.98,1000,2,2
93015580,446573,0,0,14.73,10000,1,2
93015720,446951,0,0,14.96,400,1,2
93015720,447272,0,0,14.8,1400,1,2
93015720,447848,0,0,14.66,1000,1,2
93015720,448051,0,0,14.81,100,1,2
93015850,448419,0,0,14.85,1500,1,2
93015850,449721,0,0,15.42,400,2,2
93015970,0,446951,450600,14.96,100,2,0
93015970,449813,0,0,14.99,500,2,2
93015970,450299,0,0,14.0,200,1,2
93016100,0,451877,305783,14.98,100,1,0
93016100,451467,0,0,15.0,400,2,2
93016370,455928,0,0,14.98,800,2,2
93016560,456629,0,0,15.23,100,2,2
93016820,354579,0,0,14.99,3100,4,2
93016820,421329,0,0,14.98,400,4,2
93016820,460296,0,0,15.63,400,2,2
93016950,461289,0,0,15.08,7700,2,2
93016950,461681,0,0,14.83,400,1,2
93016950,461826,0,0,14.98,800,2,2
93016950,461829,0,0,14.98,800,2,2
93017220,0,446951,465212,14.96,200,2,0
93017220,0,465329,305783,14.98,400,1,0
93017220,465330,0,0,14.97,400,1,2
93017350,0,465330,465869,14.97,400,2,0
93017350,0,446951,465869,14.96,100,2,0
93017350,466225,0,0,16.5,400,2,2
93017350,466708,0,0,15.65,3500,2,2
93017480,467281,0,0,14.98,200,2,2
93017480,467800,0,0,15.07,1900,2,2
93017480,468064,0,0,15.3,700,2,2
93017480,468207,0,0,14.94,300,1,2
93017690,471030,0,0,15.0,100,2,2
93017840,471494,0,0,14.6,500,1,2
93017840,472494,0,0,15.0,300,2,2
93017840,472552,0,0,14.78,200,1,2
93017960,0,434806,474249,14.95,700,2,0
93017960,472808,0,0,16.53,500,2,2
93017960,472494,0,0,15.0,300,4,2
93018100,475133,0,0,14.98,100,2,2
93018230,0,434806,477089,14.95,200,2,0
93018230,476480,0,0,14.95,100,1,2
93018230,353500,0,0,14.98,5000,4,2
93018390,477894,0,0,14.95,1000,1,2
93018390,478444,0,0,14.15,600,1,2
93018520,0,479719,479830,14.96,100,2,0
93018520,479418,0,0,14.86,400,1,2
93018520,479719,0,0,14.96,100,1,2
93018520,479802,0,0,14.94,100,1,2
93018650,480529,0,0,14.98,300,2,2
93018650,480788,0,0,15.08,200,2,2
93018800,481773,0,0,14.57,1900,1,2
93018800,481978,0,0,15.22,200,2,2
93018800,482226,0,0,15.33,1400,2,2
93018900,483584,0,0,15.32,200,2,2
93019050,485554,0,0,15.04,1000,2,2
93019330,487213,0,0,14.6,500,1,2
93019330,487822,0,0,14.98,5000,2,2
93019330,488355,0,0,14.78,200,1,2
93019450,0,434806,489069,14.95,1300,2,0
93019450,0,476480,489069,14.95,100,2,0
93019450,0,477894,489069,14.95,1000,2,0
93019450,0,384499,489069,14.94,300,2,0
93019450,0,384865,489069,14.94,900,2,0
93019450,0,385004,489069,14.94,1600,2,0
93019450,0,415616,489069,14.94,200,2,0
93019510,0,489425,305783,14.98,400,1,0
93019640,0,492142,305783,14.98,200,1,0
93019900,493714,0,0,15.98,500,2,2
93019900,493725,0,0,15.46,100,2,2
93019900,461829,0,0,14.98,800,4,2
93019900,461826,0,0,14.98,800,4,2
93019900,455928,0,0,14.98,800,4,2
93019900,444233,0,0,14.98,800,4,2
93019900,443737,0,0,14.98,800,4,2
93019900,424052,0,0,14.98,800,4,2
93019900,387445,0,0,14.98,800,4,2
93019900,387415,0,0,14.98,800,4,2
93019900,494273,0,0,15.06,1000,2,2
93020010,495465,0,0,14.99,2200,2,2
93020060,496063,0,0,14.5,300,1,2
93020180,497653,0,0,14.9,100,1,2
93020180,497736,0,0,14.98,1000,2,2
93020430,500069,0,0,15.0,100,2,2
93021100,506461,0,0,16.0,1200,2,2
93021130,506560,0,0,14.96,100,2,2
93021360,0,508336,506560,14.96,100,1,0
93022030,512894,0,0,14.94,100,1,2
93022060,513058,0,0,14.94,100,1,2
93022160,513447,0,0,14.94,100,1,2
93022230,514281,0,0,14.98,100,2,2
93022410,515378,0,0,14.94,400,1,2
93022540,515865,0,0,14.2,200,1,2
93024160,0,434554,524594,14.94,100,2,0
93024160,0,434554,524631,14.94,700,2,0
93024220,471030,0,0,15.0,100,4,2
93024360,0,434554,525711,14.94,1100,2,0
93025010,529099,0,0,14.94,200,1,2
93025040,0,434554,529228,14.94,100,2,0
93025040,0,468207,529228,14.94,300,2,0
93025040,0,479802,529228,14.94,100,2,0
93025040,0,512894,529228,14.94,100,2,0
93025040,0,513058,529228,14.94,100,2,0
93025040,0,513447,529228,14.94,100,2,0
93025040,0,515378,529228,14.94,400,2,0
93025040,0,529099,529228,14.94,100,2,0
93025310,530732,0,0,14.0,400,1,2
93025430,531162,0,0,14.66,200,1,2
93025530,314631,0,0,15.07,2300,4,2
93025800,532919,0,0,13.78,500,1,2
93025950,162467,0,0,15.03,100,4,2
93026500,171588,0,0,15.29,7300,4,2
93026860,538278,0,0,14.98,100,2,2
93027170,539824,0,0,14.96,5000,2,2
93027800,542987,0,0,14.8,100,1,2
93027820,543147,0,0,14.94,300,1,2
93027990,543779,0,0,14.94,200,1,2
93028050,544144,0,0,14.96,200,2,2
93028090,544316,0,0,15.43,2000,2,2
93028120,544516,0,0,14.98,2900,2,2
93028190,0,544720,539824,14.96,100,1,0
93028220,544815,0,0,14.94,100,1,2
93028550,0,529099,546376,14.94,100,2,0
93028550,0,543147,546376,14.94,300,2,0
93028550,0,543779,546376,14.94,200,2,0
93028550,0,544815,546376,14.94,100,2,0
93028660,546845,0,0,14.82,500,1,2
93028820,547361,0,0,14.44,500,1,2
93028980,548133,0,0,14.94,100,2,2
93029030,548492,0,0,14.84,100,1,2
93029210,549170,0,0,14.96,600,2,2
93029690,0,551424,548133,14.94,100,1,0
93029690,0,551424,539824,14.96,600,1,0
93030470,0,555030,539824,14.96,4300,1,0
93030470,0,555030,544144,14.96,200,1,0
93030470,0,555030,549170,14.96,500,1,0
93030610,555666,0,0,14.95,3000,2,2
93030980,557273,0,0,14.93,100,1,2
93031050,0,557656,555666,14.95,3000,1,0
93031050,557635,0,0,14.94,6700,1,2
93031090,557672,0,0,14.93,100,1,2
93031180,558224,0,0,14.95,3000,1,2
93031250,558673,0,0,14.98,3800,2,2
93031400,559281,0,0,14.97,200,2,2
93031440,559342,0,0,15.63,3500,2,2
93031520,500069,0,0,15.0,100,4,2
93032430,563737,0,0,14.95,3700,1,2
93032430,563847,0,0,14.96,100,2,2
93032470,564012,0,0,14.92,33900,1,2
93032620,564648,0,0,14.79,300,1,2
93032710,565000,0,0,14.92,700,1,2
93032820,565480,0,0,14.93,1300,1,2
93032950,566097,0,0,16.53,300,2,2
93033250,567608,0,0,14.92,500,1,2
93033290,567846,0,0,14.95,2100,1,2
93033470,568610,0,0,14.93,100,1,2
93033550,568834,0,0,14.94,800,1,2
93033690,0,569314,549170,14.96,100,1,0
93033690,0,569314,563847,14.96,100,1,0
93033690,0,569314,559281,14.97,200,1,0
93033820,0,558224,570069,14.95,400,2,0
93033950,239561,0,0,15.0,6300,4,2
93034030,514281,0,0,14.98,100,4,2
93034030,570858,0,0,14.95,100,1,2
93034060,570897,0,0,14.95,100,1,2
93034060,570999,0,0,14.95,100,1,2
93034180,0,558224,571642,14.95,2600,2,0
93034180,0,563737,571642,14.95,2400,2,0
93034410,572564,0,0,14.93,1000,1,2
93034510,572955,0,0,15.3,3000,2,2
93034700,573719,0,0,14.93,100,1,2
93034770,573905,0,0,14.92,700,1,2
93034970,574522,0,0,14.93,200,1,2
93034970,574523,0,0,14.94,1000,1,2
93034970,574564,0,0,14.95,1200,1,2
93035220,575863,0,0,14.94,100,1,2
93035540,577439,0,0,14.95,1200,1,2
93035540,577440,0,0,14.94,1000,1,2
93035540,577441,0,0,14.93,200,1,2
93035740,578083,0,0,14.39,500,1,2
93035840,339008,0,0,14.98,300,4,2
93035950,0,563737,578977,14.95,1300,2,0
93036540,581637,0,0,14.95,1100,1,2
93036820,582926,0,0,14.95,300,1,2
93036850,583009,0,0,14.98,100,2,2
93037340,495465,0,0,14.99,2200,4,2
93037900,586925,0,0,14.93,1000,1,2
93038290,588507,0,0,14.96,3600,2,2
93038470,589405,0,0,14.84,100,1,2
93038840,0,567846,590847,14.95,100,2,0
93039000,0,567846,591448,14.95,900,2,0
93039290,592680,0,0,14.99,300,2,2
93039690,176908,0,0,15.0,26600,4,2
93039720,218505,0,0,14.92,900,3,2
93040000,595415,0,0,14.95,100,1,2
93040030,0,595499,588507,14.96,200,1,0
93040030,0,595508,588507,14.96,3400,1,0
93040030,595508,0,0,14.96,8400,1,2
93040030,595509,0,0,14.96,3600,1,2
93040030,595514,0,0,14.96,3600,1,2
93040030,595555,0,0,14.96,100,1,2
93040030,595556,0,0,14.96,100,1,2
93040030,595557,0,0,14.96,100,1,2
93040030,595604,0,0,14.95,100,1,2
93040070,0,595712,305783,14.98,200,1,0
93040070,595633,0,0,14.96,13800,1,2
93040070,595634,0,0,14.96,3500,1,2
93040100,595972,0,0,14.93,2000,1,2
93040610,573905,0,0,14.92,700,3,2
93040890,598725,0,0,14.95,1000,1,2
93041370,600591,0,0,14.96,100,1,2
93041710,0,595508,601878,14.96,1400,2,0
93041770,428911,0,0,15.0,2000,4,2
93042070,603205,0,0,14.96,100,1,2
93042950,606628,0,0,14.99,7300,2,2
93042980,0,606652,315834,14.98,100,1,0
93042980,0,606652,316591,14.98,100,1,0
93042980,0,606653,316591,14.98,200,1,0
93042980,0,606653,327244,14.98,200,1,0
93042980,0,606657,327244,14.98,100,1,0
93042980,0,606707,327244,14.98,100,1,0
93042980,0,606709,327244,14.98,200,1,0
93042980,0,606710,327244,14.98,100,1,0
93042980,0,606711,327244,14.98,200,1,0
93042980,0,606712,329711,14.98,200,1,0
93042980,0,606715,329711,14.98,200,1,0
93042980,0,606717,329711,14.98,100,1,0
93042980,606655,0,0,14.96,100,1,2
93042980,595556,0,0,14.96,100,3,2
93042980,595555,0,0,14.96,100,3,2
93042980,595557,0,0,14.96,100,3,2
93043010,0,606817,329711,14.98,100,1,0
93043010,577441,0,0,14.93,200,3,2
93043010,606816,0,0,14.96,1500,1,2
93043040,0,606885,329711,14.98,300,1,0
93043040,574522,0,0,14.93,200,3,2
93043070,606950,0,0,14.96,1600,1,2
93043650,0,595508,608874,14.96,300,2,0
93043840,0,595508,609428,14.96,100,2,0
93044570,603205,0,0,14.96,100,3,2
93044690,0,595508,612424,14.96,100,2,0
93044690,269785,0,0,14.8,2000,3,2
93045010,613512,0,0,14.96,100,1,2
93045040,613657,0,0,14.4,100,1,2
93045750,332288,0,0,14.99,1000,4,2
93045750,616017,0,0,15.5,300,2,2
93045850,617020,0,0,14.8,1000,1,2
93046010,0,595508,617694,14.96,3000,2,0
93046330,595634,0,0,14.96,3500,3,2
93046380,595508,0,0,14.96,3500,3,2
93046560,619998,0,0,14.8,100,1,2
93046780,620703,0,0,16.0,200,2,2
93046810,620885,0,0,14.91,1400,1,2
93046850,621018,0,0,14.7,2000,1,2
93046880,621128,0,0,14.9,1300,1,2
93046880,621152,0,0,16.0,1700,2,2
93047190,622498,0,0,14.98,100,2,2
93047570,623964,0,0,14.95,600,1,2
93048170,626479,0,0,14.71,4000,1,2
93048480,627651,0,0,14.95,500,1,2
93048580,627921,0,0,14.9,1000,1,2
93048650,628214,0,0,14.96,100,1,2
93048780,0,595509,628704,14.96,3600,2,0
93048780,0,595514,628704,14.96,1000,2,0
93048970,629638,0,0,14.96,100,1,2
93049010,629676,0,0,14.96,200,1,2
93049010,629708,0,0,14.96,300,1,2
93049050,0,629802,329711,14.98,200,1,0
93049130,0,595514,630230,14.96,400,2,0
93049200,0,595514,630633,14.96,300,2,0
93049240,0,595514,630739,14.96,300,2,0
93049320,631119,0,0,15.21,300,2,2
93049360,631225,0,0,14.96,100,1,2
93049520,631900,0,0,15.3,1500,2,2
93049550,632025,0,0,14.8,1000,1,2
93049800,632882,0,0,14.96,5400,1,2
93051930,0,595514,641489,14.96,600,2,0
93052060,0,642099,329711,14.98,200,1,0
93052090,0,642240,329711,14.98,400,1,0
93052820,0,600591,645050,14.96,100,2,0
93052820,0,606655,645050,14.96,100,2,0
93052820,0,606816,645050,14.96,800,2,0
93052870,0,606816,645275,14.96,700,2,0
93052870,0,606950,645275,14.96,1600,2,0
93052870,0,613512,645275,14.96,100,2,0
93052870,0,628214,645275,14.96,100,2,0
93052870,0,629638,645275,14.96,100,2,0
93052870,0,629676,645275,14.96,200,2,0
93052870,0,629708,645275,14.96,200,2,0
93053100,0,629708,646130,14.96,100,2,0
93053100,0,631225,646130,14.96,100,2,0
93053100,0,632882,646130,14.96,1100,2,0
93053360,0,632882,647140,14.96,900,2,0
93053840,0,648958,648419,14.97,200,1,0
93053840,0,648958,329711,14.98,2100,1,0
93053840,0,648958,334590,14.98,1000,1,0
93053840,0,648958,342296,14.98,200,1,0
93053840,0,648958,359815,14.98,100,1,0
93053840,0,648958,377811,14.98,3000,1,0
93053840,0,648958,395724,14.98,2000,1,0
93053840,0,648958,396059,14.98,1800,1,0
93053840,0,648958,402870,14.98,100,1,0
93053840,0,648958,417930,14.98,1000,1,0
93053840,0,648958,418826,14.98,500,1,0
93053840,0,648958,431971,14.98,200,1,0
93053840,0,648958,446385,14.98,1000,1,0
93053840,0,648958,467281,14.98,200,1,0
93053840,0,648958,475133,14.98,100,1,0
93053840,0,648958,480529,14.98,300,1,0
93053840,0,648958,487822,14.98,5000,1,0
93053840,0,648958,497736,14.98,1000,1,0
93053840,0,648958,538278,14.98,100,1,0
93053840,0,648958,544516,14.98,2900,1,0
93053840,0,648958,558673,14.98,200,1,0
93054350,0,632882,650914,14.96,100,2,0
93056390,0,632882,658865,14.96,200,2,0
93058060,0,632882,665107,14.96,2200,2,0
93058420,0,632882,666650,14.96,500,2,0
93101000,0,632882,677544,14.96,100,2,0
93101330,0,632882,678883,14.96,300,2,0
93101330,0,653747,678883,14.96,400,2,0
93101330,0,653854,678883,14.96,400,2,0
93101330,0,661240,678883,14.96,100,2,0
93101330,0,677690,678883,14.96,600,2,0
93103240,0,570858,686734,14.95,100,2,0
93103240,0,570897,686734,14.95,100,2,0
93103240,0,570999,686734,14.95,100,2,0
93103240,0,574564,686734,14.95,1200,2,0
93103240,0,577439,686734,14.95,1200,2,0
93103240,0,581637,686734,14.95,300,2,0
93104000,0,690075,678883,14.96,800,1,0
93104340,0,582926,691598,14.95,300,2,0
93104340,0,595415,691598,14.95,100,2,0
93104340,0,595604,691598,14.95,100,2,0
93104340,0,598725,691598,14.95,1000,2,0
93104340,0,623964,691598,14.95,600,2,0
93104340,0,627651,691598,14.95,500,2,0
93104340,0,660922,691598,14.95,1000,2,0
93104410,0,690194,691991,14.95,500,2,0
93104410,0,690299,691991,14.95,500,2,0
93104610,0,692766,691991,14.95,100,1,0
93105500,0,568834,696779,14.94,800,2,0
93105500,0,574523,696779,14.94,1000,2,0
93105500,0,575863,696779,14.94,100,2,0
93105500,0,577440,696779,14.94,1000,2,0
93105500,0,636810,696779,14.94,100,2,0
93105790,0,697950,696779,14.94,100,1,0
93106380,0,700886,696779,14.94,900,1,0
93106380,0,700886,691991,14.95,300,1,0
93106470,0,701332,678883,14.96,700,1,0
93106510,0,700886,701488,14.95,800,2,0
93107190,0,703249,704511,14.94,100,2,0
93107670,0,294322,706683,14.93,400,2,0
93107670,0,313198,706683,14.93,200,2,0
93107770,0,707276,704511,14.94,1100,1,0
93108940,0,712633,704511,14.94,200,1,0
93110240,0,557273,719276,14.93,100,2,0
93110240,0,557672,719276,14.93,100,2,0
93111390,0,724618,704511,14.94,100,1,0
93111760,0,726084,704511,14.94,1100,1,0
93111760,0,726084,702033,14.95,300,1,0
93111760,0,726084,702149,14.95,200,1,0
93112910,0,565480,730971,14.93,200,2,0
93113640,0,734104,702149,14.95,600,1,0
93113640,0,734104,702233,14.95,3500,1,0
93113640,0,734104,712473,14.95,200,1,0
93115240,0,739429,740076,14.94,100,2,0
93115310,0,739429,740316,14.94,400,2,0
93115900,0,739429,742504,14.94,2300,2,0
93116580,0,745132,743912,14.95,1300,1,0
93117200,0,747383,743912,14.95,200,1,0
93117480,0,748591,678883,14.96,100,1,0
93117480,0,748591,688542,14.96,3000,1,0
93117480,0,748591,690267,14.96,1000,1,0
93117480,0,748591,694259,14.96,3000,1,0
93117480,0,748591,703375,14.96,100,1,0
93117480,0,748591,713462,14.96,700,1,0
93117510,0,748805,713462,14.96,800,1,0
93117510,0,748828,713462,14.96,2100,1,0
93117510,0,748828,746605,14.96,100,1,0
93117530,0,748828,748938,14.96,800,2,0
93117530,0,747414,748938,14.95,200,2,0
93117530,0,747781,748938,14.95,200,2,0
93117530,0,747789,748938,14.95,200,2,0
93117530,0,748310,748938,14.95,600,2,0
93117930,0,749578,750315,14.97,300,2,0
93117930,0,749146,750315,14.96,300,2,0
93117930,0,749213,750315,14.96,800,2,0
93117930,0,749512,750315,14.96,1700,2,0
93118670,0,753435,558673,14.98,600,1,0
93118670,0,753463,558673,14.98,1100,1,0
93119070,0,754989,558673,14.98,100,1,0
93119210,0,755589,558673,14.98,500,1,0
93119510,0,756736,558673,14.98,700,1,0
93119560,0,756883,558673,14.98,400,1,0
93119560,0,756951,558673,14.98,200,1,0
93119560,0,756951,688818,14.98,100,1,0
93119630,0,750714,757204,14.97,200,2,0
93119690,0,757439,688818,14.98,100,1,0
93119690,0,757439,707541,14.98,1000,1,0
93119690,0,757439,737213,14.98,700,1,0
93121150,0,762831,290548,14.99,100,1,0
93121780,0,757439,765149,14.98,100,2,0
93122120,0,757439,766584,14.98,600,2,0
93123270,0,770615,290548,14.99,100,1,0
93124570,0,757439,775232,14.98,700,2,0
93124570,0,757624,775232,14.98,400,2,0
93124810,0,776047,290548,14.99,600,1,0
93124810,0,776047,292687,14.99,200,1,0
93124910,0,757624,776415,14.98,100,2,0
93124940,0,757624,776561,14.98,200,2,0
93124940,0,758787,776561,14.98,100,2,0
93125020,0,776898,292687,14.99,300,1,0
93125050,0,776921,292687,14.99,100,1,0
93125050,0,776933,292687,14.99,100,1,0
93125050,0,776936,292687,14.99,100,1,0
93125050,0,776983,292687,14.99,100,1,0
93125080,0,777014,292687,14.99,200,1,0
93125140,0,777376,292687,14.99,200,1,0
93125170,0,777378,292687,14.99,200,1,0
93125170,0,777394,292687,14.99,100,1,0
93125340,0,778247,292687,14.99,100,1,0
93125850,0,766246,780027,14.98,900,2,0
93125850,0,766513,780027,14.98,900,2,0
93125850,0,771308,780027,14.98,100,2,0
93125900,0,771308,780123,14.98,100,2,0
93125900,0,778976,780123,14.98,300,2,0
93125900,0,754931,780123,14.97,800,2,0
93125900,0,755150,780123,14.97,200,2,0
93126010,0,780471,292687,14.99,1700,1,0
93126010,0,780471,292703,14.99,1400,1,0
93126010,0,780471,313133,14.99,800,1,0
93126010,0,780471,329031,14.99,1000,1,0
93126010,0,780471,355406,14.99,600,1,0
93126010,0,780471,406981,14.99,2000,1,0
93126010,0,780471,592680,14.99,300,1,0
93126010,0,780471,606628,14.99,2900,1,0
93126190,0,781369,606628,14.99,300,1,0
93127830,0,786792,784989,14.98,100,1,0
93128110,0,787582,606628,14.99,400,1,0
93128380,0,755150,788499,14.97,500,2,0
93128380,0,762467,788499,14.97,100,2,0
93128380,0,780966,788499,14.97,300,2,0
93128380,0,786600,788499,14.97,100,2,0
93129140,0,790893,788499,14.97,1000,1,0
93129140,0,790893,789149,14.97,1200,1,0
93129140,0,790893,789464,14.98,4000,1,0
93129140,0,790893,606628,14.99,2400,1,0
93130180,0,794163,791715,14.98,300,1,0
93130470,0,795205,791715,14.98,100,1,0
93131380,0,798386,791715,14.98,100,1,0
93131580,0,799086,799056,14.97,100,1,0
93131580,0,799086,791715,14.98,200,1,0
93131820,0,771402,799885,14.96,200,2,0
93134990,0,810173,802534,14.97,100,1,0
93134990,0,810173,791715,14.98,300,1,0
93137050,0,816752,812512,14.97,200,1,0
93139380,0,823855,812512,14.97,300,1,0
93139380,0,823855,816693,14.97,100,1,0
93139710,0,823855,824910,14.97,200,2,0
93139860,0,823855,825479,14.97,200,2,0
93140030,0,823855,826008,14.97,300,2,0
93140120,0,771402,826302,14.96,100,2,0
93140120,0,791377,826302,14.96,300,2,0
93140120,0,797225,826302,14.96,600,2,0
93140120,0,797334,826302,14.96,600,2,0
93140120,0,816287,826302,14.96,100,2,0
93140120,0,816906,826302,14.96,2100,2,0
93140120,0,816911,826302,14.96,600,2,0
93140120,0,820474,826302,14.96,100,2,0
93140220,0,826587,826302,14.96,1000,1,0
93140290,0,826885,826302,14.96,300,1,0
93140910,0,826755,828834,14.95,200,2,0
93140910,0,739429,828834,14.94,3000,2,0
93141470,0,830609,826302,14.96,600,1,0
93142000,0,739429,832143,14.94,1100,2,0
93142410,0,833347,826302,14.96,100,1,0
93143960,0,838149,826302,14.96,300,1,0
93143980,0,838204,826302,14.96,2300,1,0
93144540,0,839917,826302,14.96,100,1,0
