time,oid,oidb,oids,price,volume,flag,ptype
92500030,0,232520,232778,26.55,700,0,0
92500030,0,54189,233980,26.55,2700,0,0
92500030,0,158695,237148,26.55,300,0,0
92500030,0,54190,220835,26.55,200,0,0
92500030,0,22901,237044,26.55,1000,0,0
93000440,0,206422,244449,26.53,500,2,0
93000730,0,206422,247079,26.53,100,2,0
93001860,0,206422,257920,26.53,900,2,0
93002020,0,259010,238242,26.55,800,1,0
93003120,0,272528,268783,26.53,100,1,0
93003780,0,109389,279576,26.51,200,2,0
93004080,0,282050,277528,26.52,100,1,0
93004510,0,288537,277528,26.52,800,1,0
93004510,0,288537,268783,26.53,6100,1,0
93004510,0,288537,278550,26.53,100,1,0
93004510,0,288537,281625,26.53,300,1,0
93004510,0,288537,238242,26.55,11600,1,0
93004510,0,288537,276903,26.55,300,1,0
93004510,0,288537,285409,26.55,500,1,0
93004850,0,288537,291861,26.55,500,2,0
93005300,0,293998,296816,26.56,100,2,0
93005590,0,294002,300922,26.56,100,2,0
93005590,0,288537,300922,26.55,400,2,0
93006030,0,288537,306600,26.55,100,2,0
93006820,0,288537,315123,26.55,2000,2,0
93006820,0,291241,315123,26.55,100,2,0
93006820,0,296469,315123,26.55,300,2,0
93006820,0,308855,315123,26.55,500,2,0
93006820,0,299646,315123,26.53,3000,2,0
93006820,0,300052,315123,26.52,1800,2,0
93006980,0,318568,315159,26.53,100,1,0
93007120,0,318983,315159,26.53,400,1,0
93007120,0,319863,315159,26.53,100,1,0
93007310,0,322351,318587,26.53,5500,1,0
93007700,0,259681,326610,26.51,500,2,0
93007700,0,326793,322186,26.53,100,1,0
93009800,0,259681,349939,26.51,300,2,0
93010140,0,354946,322186,26.53,200,1,0
93010300,0,355526,322186,26.53,200,1,0
93010300,0,355532,322186,26.53,400,1,0
93010300,0,355560,327326,26.53,400,1,0
93010300,0,356613,327326,26.53,700,1,0
93010450,0,356641,327326,26.53,100,1,0
93011020,0,364344,330203,26.53,100,1,0
93011020,0,364544,330203,26.53,1400,1,0
93011020,0,364544,343778,26.53,100,1,0
93011020,0,364723,343778,26.53,1000,1,0
93011310,0,366665,343778,26.53,300,1,0
93011310,0,366670,363038,26.53,300,1,0
93011310,0,366849,363038,26.53,100,1,0
93011830,0,373181,363038,26.53,100,1,0
93011970,0,374982,363038,26.53,1200,1,0
93011970,0,375500,365284,26.53,200,1,0
93012380,0,379783,365284,26.53,100,1,0
93013520,0,387797,365284,26.53,100,1,0
93015890,0,395916,365284,26.53,100,1,0
93015920,0,395956,368502,26.53,100,1,0
93017070,0,396958,398096,26.52,100,2,0
93018090,0,400690,368502,26.53,200,1,0
93018800,0,403907,328036,26.55,1000,1,0
93019750,0,402884,405456,26.53,100,2,0
93019750,0,403422,405456,26.53,100,2,0
93019750,0,403424,405456,26.53,100,2,0
93019750,0,403573,405456,26.53,100,2,0
93020190,0,396958,406132,26.52,3900,2,0
93029830,0,429533,370424,26.55,100,1,0
93032530,0,424059,435258,26.52,200,2,0
93032690,0,424059,435616,26.52,500,2,0
93038460,0,446326,448395,26.55,2900,2,0
93044360,0,424059,459790,26.52,800,2,0
93048210,0,439862,468865,26.52,400,2,0
93050080,0,449318,472106,26.52,400,2,0
93053850,0,479515,472681,26.52,600,1,0
93053850,0,479515,475321,26.52,1000,1,0
93053850,0,479515,476551,26.52,800,1,0
93053850,0,479515,477621,26.52,300,1,0
93053850,0,479515,477942,26.52,300,1,0
93054280,0,480675,477942,26.52,400,1,0
93058040,0,488178,478470,26.52,100,1,0
93058040,0,488178,478554,26.52,400,1,0
93059280,0,259681,490300,26.51,300,2,0
93059920,0,259681,492108,26.51,100,2,0
93101110,0,259681,495139,26.51,6800,2,0
93101780,0,496368,495139,26.51,100,1,0
93102320,0,497459,495139,26.51,1000,1,0
93102390,0,195948,497618,26.5,400,2,0
93102390,0,195948,497627,26.5,600,2,0
93102390,0,195948,497649,26.5,400,2,0
93102390,0,195948,497659,26.5,200,2,0
93102410,0,195948,497678,26.5,300,2,0
93102410,0,195948,497683,26.5,200,2,0
93102410,0,195948,497694,26.5,400,2,0
93102450,0,292031,497789,26.5,400,2,0
93102490,0,292031,497917,26.5,100,2,0
93102520,0,292031,498018,26.5,300,2,0
93102520,0,293862,498060,26.5,100,2,0
93102520,0,295059,498060,26.5,200,2,0
93102640,0,321380,498385,26.5,100,2,0
93102640,0,330885,498385,26.5,100,2,0
93102640,0,336781,498385,26.5,100,2,0
93104020,0,341756,502362,26.5,100,2,0
93104020,0,343354,502362,26.5,400,2,0
93104080,0,427912,502536,26.5,400,2,0
93104080,0,482593,502536,26.5,300,2,0
93105370,0,87169,505248,26.48,200,2,0
93105370,0,248250,505248,26.48,400,2,0
93105370,0,248250,505259,26.48,200,2,0
93105370,0,248250,505263,26.48,300,2,0
93105370,0,248250,505264,26.48,500,2,0
93105370,0,248250,505267,26.48,200,2,0
93105370,0,248250,505270,26.48,400,2,0
93105370,0,265459,505271,26.48,300,2,0
93105370,0,265459,505275,26.48,200,2,0
93105370,0,265459,505276,26.48,400,2,0
93105370,0,265459,505278,26.48,100,2,0
93105370,0,297771,505278,26.48,300,2,0
93105370,0,297771,505284,26.48,600,2,0
93105370,0,297771,505289,26.48,500,2,0
93105370,0,297771,505291,26.48,400,2,0
93105370,0,297771,505296,26.48,400,2,0
93105370,0,297771,505298,26.48,500,2,0
93105370,0,297771,505299,26.48,300,2,0
93105390,0,297771,505326,26.48,300,2,0
93105510,0,297771,505644,26.48,100,2,0
93105510,0,312474,505707,26.48,400,2,0
93105510,0,312474,505722,26.48,200,2,0
93105960,0,507322,504523,26.5,300,1,0
93106450,0,508768,504523,26.5,300,1,0
93107080,0,312474,509801,26.48,2200,2,0
93108390,0,312474,512436,26.48,500,2,0
93108390,0,312474,512449,26.48,200,2,0
93108400,0,312474,512545,26.48,200,2,0
93108430,0,312474,512550,26.48,400,2,0
93108510,0,312474,512832,26.48,400,2,0
93108510,0,331961,512832,26.48,10000,2,0
93108510,0,371506,512832,26.48,500,2,0
93108510,0,473457,512832,26.48,100,2,0
93108820,0,513700,513168,26.48,100,1,0
93108880,0,513953,513168,26.48,2000,1,0
93110080,0,345533,516814,26.47,300,2,0
93110080,0,514776,516814,26.47,100,2,0
93110080,0,226939,516814,26.46,300,2,0
93111330,0,358592,519378,26.46,400,2,0
93111380,0,358592,519492,26.46,100,2,0
93111380,0,518185,519492,26.46,100,2,0
93111480,0,519784,519492,26.46,100,1,0
93114330,0,95071,526308,26.45,1800,2,0
93114450,0,520017,526588,26.45,100,2,0
93114450,0,159244,526588,26.44,900,2,0
93114450,0,159244,526590,26.44,700,2,0
93114450,0,159244,526592,26.44,200,2,0
93114450,0,257991,526592,26.44,700,2,0
93114450,0,257991,526597,26.44,700,2,0
93114450,0,257991,526602,26.44,300,2,0
93114450,0,524959,526602,26.44,700,2,0
93114450,0,87208,526604,26.43,200,2,0
93115180,0,528706,526604,26.43,500,1,0
93115180,0,528706,526605,26.43,1000,1,0
93115180,0,528706,526606,26.43,1300,1,0
93115180,0,528706,526608,26.43,800,1,0
93115180,0,528706,526612,26.43,800,1,0
93115180,0,528706,526614,26.43,800,1,0
93115180,0,528706,526768,26.43,100,1,0
93115180,0,528706,526867,26.45,100,1,0
93115180,0,528706,519492,26.46,300,1,0
93116670,0,531676,529209,26.45,200,1,0
93117150,0,532472,529209,26.45,100,1,0
93117460,0,533203,529209,26.45,1500,1,0
93118520,0,536188,529209,26.45,2100,1,0
93120330,0,534827,539741,26.44,100,2,0
93121580,0,543117,542226,26.44,3400,1,0
93122390,0,544648,542226,26.44,300,1,0
93123420,0,546638,542226,26.44,200,1,0
93123700,0,547101,542226,26.44,1400,1,0
93123700,0,547101,544035,26.44,2500,1,0
93123700,0,547101,546688,26.44,100,1,0
93123730,0,547101,547182,26.44,100,2,0
93124050,0,548266,529209,26.45,600,1,0
93124050,0,548267,529209,26.45,900,1,0
93124180,0,548540,529209,26.45,100,1,0
93125100,0,548034,550402,26.44,400,2,0
93126000,0,389705,552267,26.42,1000,2,0
93126740,0,389705,553940,26.42,800,2,0
93126920,0,554676,550402,26.44,100,1,0
93127280,0,266326,555770,26.41,200,2,0
93127280,0,545451,555770,26.41,500,2,0
93127280,0,93957,555770,26.4,300,2,0
93128150,0,557404,556626,26.43,100,1,0
93129340,0,559463,560217,26.43,300,2,0
93129340,0,559463,560219,26.43,400,2,0
93129360,0,560256,550402,26.44,400,1,0
93130100,0,562560,551786,26.44,400,1,0
93130320,0,563472,555159,26.44,500,1,0
93130350,0,563516,555159,26.44,300,1,0
93130350,0,563516,556187,26.44,300,1,0
93130350,0,563516,557294,26.44,100,1,0
93130510,0,564028,557294,26.44,200,1,0
93131120,0,565267,565487,26.45,900,2,0
93131310,0,566202,519492,26.46,200,1,0
93131860,0,565267,567694,26.45,100,2,0
93132070,0,568115,519493,26.46,100,1,0
93132470,0,568115,569466,26.46,400,2,0
93132470,0,568153,569466,26.46,100,2,0
93132470,0,568186,569466,26.46,900,2,0
93132470,0,568186,569484,26.46,1400,2,0
93132470,0,568358,569484,26.46,4900,2,0
93132820,0,570387,570682,26.48,100,2,0
93132910,0,570387,571070,26.48,200,2,0
93132910,0,568358,571070,26.46,2800,2,0
93132910,0,568576,571070,26.46,100,2,0
93132910,0,568581,571070,26.46,700,2,0
93132910,0,568613,571070,26.46,700,2,0
93132910,0,566695,571070,26.44,100,2,0
93132910,0,567630,571070,26.44,100,2,0
93132910,0,567682,571070,26.44,100,2,0
93132910,0,567769,571070,26.44,100,2,0
93132910,0,569874,571070,26.44,100,2,0
93132910,0,563397,571070,26.43,100,2,0
93132910,0,566234,571070,26.43,600,2,0
93132910,0,568852,571070,26.43,200,2,0
93132910,0,557226,571070,26.41,20000,2,0
93132910,0,558566,571070,26.41,200,2,0
93132910,0,558671,571070,26.41,2000,2,0
93133080,0,571637,571070,26.41,100,1,0
93133080,0,571656,571070,26.41,100,1,0
93133080,0,571672,571070,26.41,100,1,0
93133080,0,571673,571070,26.41,100,1,0
93133370,0,572227,572655,26.46,700,2,0
93134030,0,572620,574241,26.46,100,2,0
93134280,0,574898,571920,26.48,100,1,0
93135250,0,577262,571920,26.48,100,1,0
93135250,0,577264,577255,26.48,100,1,0
93138600,0,577293,585712,26.48,100,2,0
93138600,0,579028,585712,26.48,100,2,0
93140660,0,590329,585712,26.46,100,1,0
93140660,0,590341,585712,26.46,100,1,0
93144060,0,597499,596965,26.48,100,1,0
93144950,0,599758,596965,26.48,200,1,0
93146480,0,603079,596965,26.48,100,1,0
93146580,0,603232,596965,26.48,1000,1,0
93147100,0,604257,596965,26.48,200,1,0
93151050,0,612465,612388,26.47,200,1,0
93151830,0,613880,506062,26.5,900,1,0
93152070,0,614324,518359,26.5,1400,1,0
93152070,0,614325,518359,26.5,1100,1,0
93152070,0,614325,523195,26.5,500,1,0
93152070,0,614325,523883,26.5,1000,1,0
93152090,0,614336,511149,26.51,1300,1,0
93153290,0,615087,616640,26.52,600,2,0
93153290,0,614390,616640,26.5,400,2,0
93157120,0,621904,624138,26.54,100,2,0
93157350,0,621930,624581,26.54,100,2,0
93157740,0,625283,624650,26.54,100,1,0
93158090,0,625826,624650,26.54,200,1,0
93159120,0,627601,624650,26.54,100,1,0
93201010,0,629542,631403,26.54,100,2,0
93202050,0,633508,463899,26.55,100,1,0
93205110,0,641087,637205,26.53,400,1,0
93205400,0,641806,479142,26.55,500,1,0
93205400,0,641806,524571,26.55,100,1,0
93205400,0,641806,630686,26.55,900,1,0
93206140,0,643584,630686,26.55,400,1,0
93215510,0,663983,649576,26.54,1200,1,0
93216810,0,660340,666434,26.53,300,2,0
93216960,0,666663,649576,26.54,100,1,0
93216960,0,666663,666002,26.54,200,1,0
93217300,0,667309,666002,26.54,300,1,0
93219460,0,671456,671207,26.53,600,1,0
93220870,0,674145,673465,26.52,1600,1,0
93222320,0,676757,643976,26.56,1600,1,0
93222320,0,676757,644648,26.56,500,1,0
93222320,0,676757,428882,26.57,7900,1,0
93223570,0,677685,678868,26.52,100,2,0
93225000,0,681560,681194,26.52,200,1,0
93225010,0,681603,681194,26.52,100,1,0
93225480,0,682497,677986,26.56,600,1,0
93229470,0,689532,685741,26.55,100,1,0
93232180,0,694555,685741,26.55,900,1,0
93232180,0,694555,686907,26.55,100,1,0
93233020,0,693746,696680,26.54,100,2,0
93234010,0,698675,692182,26.55,200,1,0
93234250,0,686033,699070,26.53,400,2,0
93234250,0,693995,699070,26.53,100,2,0
93235320,0,686299,701031,26.52,1200,2,0
93235320,0,700099,701031,26.52,700,2,0
93238320,0,702604,706936,26.52,500,2,0
93238710,0,707723,699070,26.53,900,1,0
93238710,0,707723,699172,26.53,100,1,0
93241650,0,702604,713224,26.52,200,2,0
93242460,0,714903,699172,26.53,600,1,0
93245430,0,702604,720346,26.52,1000,2,0
93249390,0,707891,727315,26.52,700,2,0
93249520,0,727519,719589,26.53,100,1,0
93251580,0,711228,731411,26.52,100,2,0
93255360,0,729829,738131,26.52,100,2,0
93258000,0,742534,739865,26.51,500,1,0
93300060,0,745971,738131,26.52,100,1,0
93301500,0,744874,749016,26.51,100,2,0
93301590,0,749078,749222,26.52,200,2,0
93301890,0,749835,719589,26.53,100,1,0
93301890,0,749835,737913,26.53,600,1,0
93302220,0,750580,706170,26.55,200,1,0
93302450,0,751043,709048,26.55,100,1,0
93302450,0,751046,720939,26.55,300,1,0
93302470,0,751064,720939,26.55,700,1,0
93302470,0,751064,736270,26.55,1000,1,0
93302470,0,751064,748473,26.55,300,1,0
93304510,0,755382,687697,26.56,10000,1,0
93304890,0,756156,428882,26.57,1300,1,0
93305280,0,757052,428882,26.57,400,1,0
93305460,0,757430,428882,26.57,600,1,0
93305530,0,757592,428882,26.57,100,1,0
93305960,0,758894,653344,26.57,11700,1,0
93306220,0,759644,36423,26.58,100,1,0
93306260,0,759797,63909,26.58,200,1,0
93306260,0,759797,84030,26.58,100,1,0
93306260,0,759797,87711,26.58,100,1,0
93306260,0,759797,331826,26.58,500,1,0
93307530,0,762578,322099,26.59,200,1,0
93307530,0,762583,367291,26.59,100,1,0
93307530,0,762587,367291,26.59,200,1,0
93307530,0,762588,647752,26.59,1000,1,0
93308150,0,763864,215646,26.6,100,1,0
93308680,0,762610,764966,26.59,100,2,0
93308680,0,762670,764966,26.59,200,2,0
93308680,0,764048,764966,26.59,200,2,0
93308680,0,764052,764966,26.59,200,2,0
93308680,0,764054,764966,26.59,100,2,0
93308760,0,765119,215646,26.6,100,1,0
93309070,0,766049,215646,26.6,100,1,0
93309420,0,766755,215646,26.6,100,1,0
93311760,0,771843,234274,26.6,200,1,0
93311760,0,771847,234274,26.6,100,1,0
93311790,0,771908,234274,26.6,100,1,0
93312620,0,764056,773818,26.59,100,2,0
93312620,0,764101,773818,26.59,200,2,0
93312620,0,764279,773818,26.59,600,2,0
93312620,0,769873,773818,26.59,100,2,0
93315300,0,778674,773818,26.59,1000,1,0
93317500,0,782481,773818,26.59,700,1,0
93321680,0,790576,784062,26.57,700,1,0
93321830,0,790876,784062,26.57,200,1,0
93322140,0,791448,788218,26.57,100,1,0
93323860,0,795232,773818,26.59,500,1,0
93323860,0,795232,777721,26.59,1000,1,0
93324670,0,795232,796848,26.59,500,2,0
93324670,0,795399,796848,26.59,100,2,0
93324670,0,795429,796848,26.59,200,2,0
93324670,0,796595,796848,26.59,300,2,0
93324670,0,792298,796848,26.58,200,2,0
93324670,0,792304,796848,26.58,100,2,0
93324670,0,791864,796848,26.57,3600,2,0
93326970,0,801068,269549,26.6,100,1,0
93327000,0,801142,269549,26.6,100,1,0
93327550,0,802122,269549,26.6,100,1,0
93328510,0,799664,803625,26.59,1500,2,0
93328960,0,804427,803625,26.58,1600,1,0
93330250,0,806843,269549,26.6,200,1,0
93331530,0,809200,269549,26.6,100,1,0
93331530,0,809203,269549,26.6,100,1,0
93334550,0,814218,811001,26.59,100,1,0
93334580,0,814257,811001,26.59,100,1,0
93337530,0,819296,819076,26.59,100,1,0
93337570,0,819335,819076,26.59,100,1,0
93339250,0,819912,822261,26.59,300,2,0
93339270,0,822271,269549,26.6,500,1,0
93339270,0,822271,300051,26.6,400,1,0
93340440,0,824267,331878,26.6,100,1,0
93340490,0,824322,331878,26.6,1100,1,0
93340490,0,824323,331878,26.6,300,1,0
93340490,0,824324,331878,26.6,300,1,0
93340490,0,824326,331878,26.6,300,1,0
93340490,0,824330,331878,26.6,400,1,0
93340490,0,824331,331878,26.6,500,1,0
93340490,0,824332,331878,26.6,300,1,0
93340490,0,824333,331878,26.6,600,1,0
93340830,0,824887,331878,26.6,500,1,0
93340830,0,824888,331878,26.6,100,1,0
93341930,0,827019,331878,26.6,100,1,0
93341950,0,827043,331878,26.6,200,1,0
93341950,0,827045,331878,26.6,200,1,0
93341950,0,827054,331878,26.6,100,1,0
93341950,0,827057,331878,26.6,100,1,0
93343330,0,829390,331878,26.6,100,1,0
93343510,0,829741,331878,26.6,100,1,0
93343530,0,829775,331878,26.6,300,1,0
93343530,0,829775,648262,26.6,100,1,0
93343540,0,829800,648262,26.6,300,1,0
93343540,0,829800,798713,26.6,300,1,0
93343540,0,829800,815573,26.6,400,1,0
93346520,0,835454,645884,26.61,100,1,0
93346600,0,829800,835588,26.6,100,2,0
93348870,0,829800,839339,26.6,100,2,0
93349170,0,839798,645884,26.61,100,1,0
93353700,0,846806,847263,26.62,1200,2,0
93353700,0,839798,847263,26.61,900,2,0
93353700,0,846962,847263,26.61,100,2,0
93356120,0,851162,692048,26.63,600,1,0
93356120,0,851162,845621,26.64,500,1,0
93357460,0,853435,852117,26.63,900,1,0
93359330,0,854838,856320,26.63,200,2,0
93359710,0,852063,856974,26.62,100,2,0
93404310,0,864782,856339,26.63,100,1,0
93404310,0,864782,856340,26.63,300,1,0
93404310,0,864782,856360,26.63,600,1,0
93404310,0,864782,856361,26.63,500,1,0
93404310,0,864782,857753,26.63,600,1,0
93407530,0,870408,866270,26.62,1000,1,0
93409450,0,873752,866270,26.62,200,1,0
93412010,0,878033,866270,26.62,100,1,0
93412010,0,878033,870970,26.62,100,1,0
93412010,0,878033,875646,26.62,2000,1,0
93412010,0,878033,877035,26.62,800,1,0
93412050,0,878111,877035,26.62,2000,1,0
93412520,0,878878,877035,26.62,900,1,0
93413720,0,872787,880705,26.61,100,2,0
93413720,0,872792,880705,26.61,100,2,0
93413720,0,872800,880705,26.61,100,2,0
93413720,0,872825,880705,26.61,100,2,0
93413720,0,879232,880705,26.61,600,2,0
93414190,0,881494,880705,26.61,200,1,0
93415090,0,835633,883269,26.6,300,2,0
93415090,0,836748,883269,26.6,100,2,0
93415090,0,837673,883269,26.6,1000,2,0
93415090,0,840798,883269,26.6,1000,2,0
93415090,0,842290,883269,26.6,200,2,0
93415090,0,845238,883269,26.6,2000,2,0
93415090,0,846216,883269,26.6,4000,2,0
93415090,0,848736,883269,26.6,2000,2,0
93415090,0,850076,883269,26.6,1000,2,0
93415090,0,858162,883269,26.6,1000,2,0
93415090,0,871991,883269,26.6,100,2,0
93415090,0,875098,883269,26.6,2500,2,0
93415090,0,878728,883269,26.6,100,2,0
93415090,0,879167,883269,26.6,200,2,0
93415610,0,884110,880705,26.61,800,1,0
93415610,0,884110,877035,26.62,1000,1,0
93416830,0,885893,877035,26.62,1300,1,0
93416830,0,885893,879099,26.62,600,1,0
93417410,0,879167,886811,26.6,100,2,0
93419940,0,879167,891144,26.6,300,2,0
93420450,0,883446,892187,26.6,100,2,0
93420450,0,888513,892187,26.6,500,2,0
93420680,0,892519,892187,26.6,1000,1,0
93420800,0,892766,892187,26.6,200,1,0
93420850,0,892859,892187,26.6,500,1,0
93421110,0,893359,892187,26.6,400,1,0
93421370,0,893778,892187,26.6,400,1,0
93422490,0,895759,892187,26.6,2000,1,0
93424560,0,899245,892187,26.6,600,1,0
93425010,0,899994,892187,26.6,100,1,0
93425550,0,900889,892187,26.6,100,1,0
93426740,0,902665,892187,26.6,100,1,0
93428360,0,905005,893037,26.6,100,1,0
93429200,0,906183,889678,26.61,200,1,0
93430960,0,906212,909060,26.61,100,2,0
93430960,0,906213,909060,26.61,100,2,0
93430960,0,906216,909060,26.61,100,2,0
93430960,0,906224,909060,26.61,100,2,0
93430960,0,906990,909060,26.61,100,2,0
93430960,0,906991,909060,26.61,300,2,0
93430960,0,908255,909060,26.61,100,2,0
93430960,0,908264,909060,26.61,200,2,0
93430960,0,908278,909060,26.61,100,2,0
93430960,0,908282,909060,26.61,100,2,0
93430960,0,905005,909060,26.6,2000,2,0
93430960,0,905368,909060,26.6,100,2,0
93430960,0,905583,909060,26.6,100,2,0
93430960,0,905584,909060,26.6,100,2,0
93430960,0,906591,909060,26.6,500,2,0
93430960,0,909057,909060,26.6,400,2,0
93438670,0,909057,920704,26.6,100,2,0
93438940,0,909057,921167,26.6,1200,2,0
93442850,0,909057,926965,26.6,1600,2,0
93442850,0,909168,926965,26.6,100,2,0
93442850,0,910137,926965,26.6,100,2,0
93442850,0,920570,926965,26.6,1200,2,0
93442850,0,921023,926965,26.6,500,2,0
93442850,0,924834,926965,26.6,100,2,0
93442850,0,926878,926965,26.6,300,2,0
93446660,0,932683,926965,26.6,400,1,0
93447060,0,933320,926965,26.6,100,1,0
93448450,0,935458,926965,26.6,7000,1,0
93449790,0,937281,893772,26.62,100,1,0
93450040,0,937611,893772,26.62,100,1,0
93450410,0,938196,893772,26.62,100,1,0
93450510,0,938380,893772,26.62,200,1,0
93450630,0,938563,893772,26.62,100,1,0
93450710,0,938650,902622,26.62,900,1,0
93450710,0,938650,911768,26.62,1000,1,0
93450710,0,938650,938414,26.62,100,1,0
93451370,0,937897,939849,26.61,300,2,0
93451370,0,937975,939849,26.61,600,2,0
93451370,0,938674,939849,26.61,200,2,0
93452060,0,940828,864422,26.63,100,1,0
93452960,0,942205,864422,26.63,1000,1,0
93453140,0,935711,942451,26.6,1200,2,0
93457640,0,949406,948248,26.62,100,1,0
93505390,0,962354,948248,26.62,200,1,0
93505390,0,962354,959717,26.62,300,1,0
93506000,0,950800,963616,26.61,400,2,0
93510870,0,971904,965093,26.62,700,1,0
93515770,0,980297,926663,26.64,100,1,0
93517730,0,983551,983487,26.63,300,1,0
93517750,0,983551,983611,26.63,200,2,0
93518110,0,984400,926663,26.64,1200,1,0
93519820,0,987082,926663,26.64,300,1,0
93520150,0,972829,987613,26.62,1600,2,0
93520150,0,978078,987613,26.62,100,2,0
93520150,0,978251,987613,26.62,100,2,0
93520150,0,981671,987613,26.62,400,2,0
93520230,0,987786,987613,26.62,100,1,0
93520300,0,987933,987613,26.62,100,1,0
93520420,0,988137,987613,26.62,300,1,0
93520610,0,988492,981115,26.64,100,1,0
93521880,0,988492,990884,26.64,100,2,0
93522440,0,988867,991770,26.62,100,2,0
93522440,0,989458,991770,26.62,400,2,0
93522440,0,989460,991770,26.62,300,2,0
93522730,0,992061,992275,26.63,100,2,0
93526340,0,995862,998480,26.64,100,2,0
93527830,0,1001570,998480,26.64,100,1,0
93529090,0,989460,1003855,26.62,100,2,0
93529090,0,991265,1003855,26.62,400,2,0
93529090,0,993344,1003855,26.62,100,2,0
93529090,0,997156,1003855,26.62,400,2,0
93529090,0,970086,1003855,26.61,100,2,0
93529090,0,976902,1003855,26.61,100,2,0
93529090,0,978922,1003855,26.61,1000,2,0
93529090,0,990225,1003855,26.61,200,2,0
93529090,0,995706,1003855,26.61,4600,2,0
93530700,0,1006935,1003855,26.61,1200,1,0
93534870,0,1012631,1014371,26.62,100,2,0
93537810,0,1014998,1019285,26.62,500,2,0
93537890,0,1019416,1019285,26.62,100,1,0
93538510,0,1020349,1010218,26.63,100,1,0
93539010,0,1020113,1021260,26.61,400,2,0
93551230,0,1032917,1041264,26.63,100,2,0
93551590,0,1038608,1041816,26.63,500,2,0
93551590,0,1038778,1041816,26.63,500,2,0
93554280,0,1045913,1041816,26.63,2000,1,0
93554680,0,1046512,1041816,26.63,1300,1,0
93555110,0,1047107,1041816,26.63,1100,1,0
93555110,0,1047107,1043704,26.63,1600,1,0
93555110,0,1047107,998480,26.64,2300,1,0
93559490,0,1053556,1051170,26.63,100,1,0
93600410,0,1055014,1051170,26.63,300,1,0
93600410,0,1055015,1051170,26.63,400,1,0
93600410,0,1055016,1051170,26.63,400,1,0
93600770,0,1055533,1005930,26.64,300,1,0
93601160,0,1056088,1052570,26.64,200,1,0
93602130,0,1057573,217449,26.65,400,1,0
93603070,0,1059376,217449,26.65,300,1,0
93604050,0,1061116,217449,26.65,100,1,0
93605020,0,1062684,217449,26.65,200,1,0
93605100,0,1062811,217449,26.65,100,1,0
93605350,0,1063249,217449,26.65,300,1,0
93605470,0,1063518,217449,26.65,100,1,0
93605470,0,1063518,255520,26.65,300,1,0
93605820,0,1064332,255520,26.65,100,1,0
93605860,0,1064445,255520,26.65,100,1,0
93606060,0,1064855,255520,26.65,100,1,0
93608240,0,1068776,255520,26.65,500,1,0
93608460,0,1069117,255520,26.65,300,1,0
93610800,0,1073615,255520,26.65,400,1,0
93611440,0,1074611,278080,26.65,300,1,0
93611510,0,1074715,278080,26.65,100,1,0
93611510,0,1074715,957278,26.65,100,1,0
93612070,0,1075669,957278,26.65,100,1,0
93613050,0,1077304,997547,26.65,100,1,0
93613270,0,1057981,1077619,26.64,500,2,0
93613270,0,1058264,1077619,26.64,100,2,0
93613270,0,1058294,1077619,26.64,100,2,0
93613270,0,1058320,1077619,26.64,100,2,0
93613270,0,1059389,1077619,26.64,100,2,0
93613270,0,1059584,1077619,26.64,100,2,0
93613270,0,1059625,1077619,26.64,100,2,0
93613270,0,1059639,1077619,26.64,100,2,0
93613270,0,1059666,1077619,26.64,100,2,0
93613270,0,1061173,1077619,26.64,100,2,0
93613270,0,1061651,1077619,26.64,300,2,0
93613270,0,1061747,1077619,26.64,300,2,0
93613270,0,1061777,1077619,26.64,500,2,0
93613270,0,1062764,1077619,26.64,500,2,0
93613270,0,1064398,1077619,26.64,100,2,0
93613270,0,1066162,1077619,26.64,300,2,0
93613270,0,1075082,1077619,26.64,200,2,0
93614570,0,1079583,997547,26.65,100,1,0
93615020,0,1080293,1080393,26.64,100,2,0
93615570,0,1081285,1064555,26.65,200,1,0
93618130,0,1085510,206848,26.66,400,1,0
93619180,0,1087214,206848,26.66,1200,1,0
93619180,0,1087214,220188,26.66,800,1,0
93619790,0,1085773,1088245,26.65,200,2,0
93619790,0,1085966,1088245,26.65,200,2,0
93619790,0,1087188,1088245,26.65,100,2,0
93623290,0,1094187,220188,26.66,700,1,0
93623290,0,1094187,229920,26.66,300,1,0
93623290,0,1094187,270972,26.66,1500,1,0
93623290,0,1094187,877566,26.66,300,1,0
93623290,0,1088610,1094198,26.65,500,2,0
93624080,0,1095770,877566,26.66,100,1,0
93624770,0,1088610,1097098,26.65,600,2,0
93624770,0,1091199,1097098,26.65,500,2,0
93624770,0,1096722,1097098,26.65,200,2,0
93625120,0,1097643,1097098,26.65,500,1,0
93625360,0,1098019,1097098,26.65,100,1,0
93625360,0,1098020,1097098,26.65,100,1,0
93625360,0,1098021,1097098,26.65,100,1,0
93625390,0,1098057,1097098,26.65,900,1,0
93627380,0,1101498,1056933,26.66,100,1,0
93629390,0,1104340,1091985,26.66,100,1,0
93630300,0,1105769,1091985,26.66,400,1,0
93632380,0,1108613,595425,26.67,100,1,0
93637630,0,1106426,1116483,26.66,2000,2,0
93637670,0,1116559,1107486,26.67,2000,1,0
93640100,0,1106426,1119962,26.66,1400,2,0
93640300,0,1120207,1117971,26.67,300,1,0
93640750,0,1120755,1117971,26.67,500,1,0
93641390,0,1120755,1121629,26.67,100,2,0
93643540,0,1124877,1122437,26.67,3600,1,0
93644170,0,1110485,1125892,26.66,300,2,0
93644170,0,1110494,1125892,26.66,100,2,0
93644170,0,1112008,1125892,26.66,100,2,0
93644800,0,1126957,1122437,26.67,500,1,0
93647060,0,1130316,58277,26.68,500,1,0
93647080,0,1127446,1130361,26.67,500,2,0
93647100,0,1130377,58277,26.68,500,1,0
93647100,0,1130377,206644,26.68,600,1,0
93647110,0,1127446,1130386,26.67,800,2,0
93648570,0,1132775,206644,26.68,300,1,0
93650080,0,1134914,206644,26.68,200,1,0
93653380,0,1139664,206644,26.68,200,1,0
93656550,0,1127446,1144205,26.67,1000,2,0
93657500,0,1145709,292221,26.68,1200,1,0
93657820,0,1146159,292221,26.68,500,1,0
93658120,0,1127446,1146592,26.67,100,2,0
93659090,0,1127446,1147952,26.67,200,2,0
93659090,0,1127446,1147957,26.67,300,2,0
93659120,0,1127446,1147996,26.67,100,2,0
93659120,0,1127446,1147997,26.67,100,2,0
93659170,0,1127446,1148113,26.67,100,2,0
93659210,0,1148170,694907,26.68,300,1,0
93659210,0,1127446,1148182,26.67,100,2,0
93700040,0,1149402,844950,26.68,200,1,0
93700370,0,1127446,1150030,26.67,300,2,0
93704790,0,1156935,844950,26.68,300,1,0
93704790,0,1156935,1067633,26.68,100,1,0
93704790,0,1156935,1079911,26.68,100,1,0
93705090,0,1157470,1079911,26.68,500,1,0
93706290,0,1127446,1159761,26.67,500,2,0
93708000,0,1127446,1162535,26.67,500,2,0
93708000,0,1127446,1162538,26.67,500,2,0
93708000,0,1127446,1162542,26.67,200,2,0
93708000,0,1127446,1162546,26.67,100,2,0
93708000,0,1127446,1162554,26.67,200,2,0
93708000,0,1127446,1162558,26.67,300,2,0
93708080,0,1127446,1162669,26.67,100,2,0
93708090,0,1127446,1162685,26.67,100,2,0
93708090,0,1127446,1162686,26.67,100,2,0
93708090,0,1127446,1162687,26.67,100,2,0
93708090,0,1127446,1162688,26.67,200,2,0
93708540,0,1163500,1079911,26.68,1200,1,0
93709910,0,1166041,1099405,26.68,500,1,0
93714000,0,1127446,1172039,26.67,300,2,0
93714840,0,1173506,1114465,26.68,3000,1,0
93716270,0,1130063,1175846,26.67,500,2,0
93716270,0,1136655,1175846,26.67,1000,2,0
93716360,0,1175556,1175977,26.67,1800,2,0
93716610,0,1118237,1176345,26.66,100,2,0
93716610,0,1123874,1176345,26.66,400,2,0
93716610,0,1133231,1176345,26.66,500,2,0
93717000,0,1102991,1177010,26.65,100,2,0
93717040,0,1109187,1177061,26.65,1500,2,0
93717470,0,1177826,1176349,26.66,1000,1,0
93718050,0,1178753,1176388,26.66,100,1,0
93718930,0,1180047,1176388,26.66,100,1,0
93719990,0,1181598,1176385,26.67,700,1,0
93719990,0,1180755,1181618,26.66,400,2,0
93723040,0,1109187,1186273,26.65,1100,2,0
93730430,0,1197404,1187254,26.66,100,1,0
93730430,0,1197404,1191155,26.66,300,1,0
93730430,0,1197404,1192212,26.66,500,1,0
93731380,0,1197404,1198622,26.66,100,2,0
93733250,0,1200839,1201324,26.66,5100,2,0
93736910,0,1109187,1206337,26.65,500,2,0
93736910,0,1189247,1206337,26.65,500,2,0
93738120,0,1189247,1207918,26.65,200,2,0
93739370,0,1209395,1209791,26.66,1000,2,0
93739370,0,1189247,1209791,26.65,2000,2,0
93743820,0,1210548,1216144,26.66,200,2,0
93743820,0,1189247,1216144,26.65,600,2,0
93745060,0,1217719,1217054,26.66,100,1,0
93745060,0,1217719,1176385,26.67,400,1,0
93745450,0,1189247,1218241,26.65,200,2,0
93750760,0,1218243,1225879,26.66,100,2,0
93752860,0,1223411,1228803,26.66,1000,2,0
93757310,0,1189247,1234969,26.65,3000,2,0
93757610,0,1200115,1235510,26.65,100,2,0
93757750,0,1235723,1235578,26.65,300,1,0
93757750,0,1235723,1235582,26.65,400,1,0
93757930,0,1235723,1235947,26.65,200,2,0
93757930,0,1235723,1235949,26.65,200,2,0
93757930,0,1235723,1235952,26.65,200,2,0
93757930,0,1235723,1235955,26.65,100,2,0
93758150,0,1235723,1236301,26.65,200,2,0
93758690,0,1237140,1236378,26.65,100,1,0
93801670,0,1080293,1242120,26.64,100,2,0
93801670,0,1080293,1242122,26.64,100,2,0
93801670,0,1080293,1242125,26.64,100,2,0
93801670,0,1080293,1242126,26.64,500,2,0
93801670,0,1094217,1242126,26.64,200,2,0
93801670,0,1094217,1242127,26.64,100,2,0
93801680,0,1094217,1242130,26.64,200,2,0
93801680,0,1094217,1242131,26.64,200,2,0
93801680,0,1094217,1242133,26.64,200,2,0
93801680,0,1094217,1242137,26.64,100,2,0
93801680,0,1094217,1242138,26.64,100,2,0
93801680,0,1094217,1242142,26.64,100,2,0
93801680,0,1094217,1242144,26.64,100,2,0
93801680,0,1094217,1242146,26.64,200,2,0
93801680,0,1094217,1242160,26.64,400,2,0
93801680,0,1094217,1242161,26.64,100,2,0
93801810,0,1112960,1242334,26.64,400,2,0
93801810,0,1112960,1242335,26.64,400,2,0
93801840,0,1112960,1242360,26.64,200,2,0
93801840,0,1112960,1242385,26.64,100,2,0
93808470,0,1253964,1249544,26.64,100,1,0
93808470,0,1253964,1249545,26.64,100,1,0
93808470,0,1253964,1249552,26.64,100,1,0
93808470,0,1253964,1250652,26.64,100,1,0
93808470,0,1253964,1242515,26.65,500,1,0
93808470,0,1253964,1243474,26.65,200,1,0
93808630,0,1253964,1254169,26.65,100,2,0
93808670,0,1253964,1254232,26.65,200,2,0
93808670,0,1253964,1254233,26.65,100,2,0
93809990,0,1055035,1256622,26.63,300,2,0
93815490,0,1055035,1265552,26.63,3400,2,0
93819930,0,1272327,1263958,26.64,100,1,0
93819930,0,1272327,1255685,26.65,100,1,0
93824960,0,1280559,1256532,26.65,500,1,0
93824960,0,1280559,1261786,26.65,500,1,0
93824960,0,1280559,1267180,26.65,200,1,0
93827070,0,1055035,1283732,26.63,2300,2,0
93829050,0,1055035,1286719,26.63,100,2,0
93833960,0,1293564,1267180,26.65,500,1,0
93834430,0,1294157,1267180,26.65,700,1,0
93837240,0,1297914,1280164,26.65,100,1,0
93840580,0,1302460,1283560,26.65,800,1,0
93841690,0,1303939,1283560,26.65,400,1,0
93842250,0,1304747,1283560,26.65,200,1,0
93842250,0,1304747,1292152,26.65,500,1,0
93842250,0,1304747,1302302,26.65,500,1,0
93842250,0,1304747,1304159,26.65,200,1,0
93843860,0,1306840,1228803,26.66,100,1,0
93845860,0,1304747,1309529,26.65,200,2,0
93846870,0,1310986,1228803,26.66,100,1,0
93849610,0,1306921,1315231,26.65,100,2,0
93852850,0,1319937,1228803,26.66,100,1,0
93855980,0,1316921,1325191,26.65,500,2,0
93857340,0,1316921,1327306,26.65,500,2,0
93857340,0,1317237,1327306,26.65,500,2,0
93857600,0,1327665,1228803,26.66,1300,1,0
93857600,0,1327665,1229988,26.66,100,1,0
93857600,0,1327665,1237673,26.66,600,1,0
93857900,0,1328199,1253327,26.66,500,1,0
93857900,0,1328199,1307634,26.66,100,1,0
93858840,0,1329682,1328106,26.66,100,1,0
93858890,0,1329727,1328106,26.66,600,1,0
93858950,0,1317237,1329840,26.65,100,2,0
93858970,0,1329853,1328106,26.66,100,1,0
93858970,0,1329866,1328106,26.66,100,1,0
93859000,0,1329896,1328106,26.66,100,1,0
93859510,0,1330584,1328106,26.66,100,1,0
93900010,0,1330639,1331355,26.66,100,2,0
93901450,0,1334086,1331355,26.66,500,1,0
93901910,0,1334943,1331355,26.66,500,1,0
93901910,0,1334944,1331355,26.66,200,1,0
93901910,0,1334944,1334521,26.66,300,1,0
93902170,0,1335542,1334521,26.66,700,1,0
93903020,0,1337356,1214138,26.67,100,1,0
93904850,0,1340522,1214138,26.67,400,1,0
93904850,0,1340522,1303217,26.67,500,1,0
93904850,0,1340522,1327245,26.67,400,1,0
93904850,0,1340530,1137835,26.68,300,1,0
93905170,0,1341015,1145965,26.68,2800,1,0
93906510,0,1343686,1145965,26.68,100,1,0
93906890,0,1344271,1145965,26.68,2800,1,0
93906910,0,1344306,1145965,26.68,2800,1,0
93907840,0,1346042,1145965,26.68,100,1,0
93907840,0,1346052,1152648,26.68,100,1,0
93907840,0,1346052,1152877,26.68,4400,1,0
93907840,0,1346052,1166246,26.68,500,1,0
93907840,0,1346052,1173283,26.68,200,1,0
93907840,0,1346052,1177499,26.68,200,1,0
93907840,0,1346052,1195316,26.68,400,1,0
93907840,0,1346052,1306155,26.68,10000,1,0
93907860,0,1346065,182268,26.69,300,1,0
93907860,0,1346065,262132,26.69,500,1,0
93907860,0,1346065,868633,26.69,15200,1,0
93908170,0,1346796,890165,26.69,1300,1,0
93908170,0,1346796,902113,26.69,1000,1,0
93908170,0,1346796,1066535,26.69,500,1,0
93908170,0,1346796,1105628,26.69,500,1,0
93908170,0,1346796,1186026,26.69,300,1,0
93908400,0,1347267,230975,26.7,1800,1,0
93908400,0,1347267,255879,26.7,1000,1,0
93908470,0,1347441,255879,26.7,300,1,0
93908500,0,1347522,255879,26.7,300,1,0
93908690,0,1347836,255879,26.7,500,1,0
93908900,0,1348285,255879,26.7,100,1,0
93909400,0,1349177,628391,26.7,500,1,0
93910250,0,1350676,1100775,26.7,200,1,0
93910840,0,1351796,1100775,26.7,100,1,0
93910860,0,1351808,1272954,26.7,100,1,0
93910880,0,1351825,1272954,26.7,100,1,0
93911230,0,1352342,1272954,26.7,200,1,0
93912350,0,1354364,528689,26.71,300,1,0
93912360,0,1354399,859100,26.71,300,1,0
93913390,0,1356349,1148069,26.71,300,1,0
93913390,0,1356349,1340337,26.71,500,1,0
93913390,0,1356349,1288452,26.72,800,1,0
93913900,0,1357149,1288452,26.72,100,1,0
93915350,0,1356685,1359458,26.71,300,2,0
93920060,0,1366351,1366669,26.73,300,2,0
93921710,0,1369566,1369369,26.72,100,1,0
93923040,0,1371583,1371660,26.72,200,2,0
93924670,0,1374664,1373621,26.72,100,1,0
93924670,0,1374664,1371367,26.73,100,1,0
93925820,0,1362895,1376506,26.71,100,2,0
93926650,0,1377872,1371373,26.73,100,1,0
93926820,0,1378100,1371865,26.73,200,1,0
93926820,0,1378100,1371887,26.73,100,1,0
93926820,0,1378100,1371909,26.73,200,1,0
93926820,0,1378100,1371919,26.73,200,1,0
93926820,0,1378100,1375323,26.73,1000,1,0
93926820,0,1378100,1377957,26.73,300,1,0
93928110,0,1379985,1377957,26.73,200,1,0
93928110,0,1379985,1378722,26.73,300,1,0
93928110,0,1379985,309874,26.74,900,1,0
93930500,0,1383607,309874,26.74,2000,1,0
93931640,0,1385170,974860,26.74,100,1,0
93932570,0,1384451,1386685,26.73,300,2,0
93933750,0,1388419,1387090,26.72,200,1,0
93934330,0,1388419,1389233,26.73,600,2,0
93935070,0,1390153,1390158,26.72,200,2,0
93935070,0,1362895,1390158,26.71,1800,2,0
93935940,0,1391550,1389233,26.73,200,1,0
93936180,0,1391550,1391893,26.73,100,2,0
93936400,0,1392198,1391897,26.73,100,1,0
93936670,0,1392198,1392556,26.73,100,2,0
93937100,0,1393053,1392556,26.73,300,1,0
93937100,0,1393053,1392767,26.73,100,1,0
93937100,0,1393053,974860,26.74,400,1,0
93937100,0,1393053,1145032,26.74,200,1,0
93938260,0,1394623,1393418,26.73,500,1,0
93938260,0,1394623,1145032,26.74,400,1,0
93938260,0,1394623,1369258,26.74,1000,1,0
93938260,0,1394623,1369842,26.74,700,1,0
93939450,0,1396403,1369842,26.74,400,1,0
93939450,0,1396403,1379567,26.74,100,1,0
93939450,0,1396403,1382644,26.74,400,1,0
93939450,0,1396403,1383190,26.74,800,1,0
93940540,0,1396139,1397913,26.73,100,2,0
93941550,0,1396139,1399252,26.73,1700,2,0
93943470,0,1402030,1389117,26.74,100,1,0
93944420,0,1396139,1403290,26.73,400,2,0
93946440,0,1405987,1395275,26.74,200,1,0
93948470,0,1408905,1395275,26.74,100,1,0
93949200,0,1396139,1409712,26.73,1000,2,0
93949550,0,1410044,1396826,26.74,1100,1,0
93949550,0,1410044,1400425,26.74,1500,1,0
93949610,0,1396139,1410120,26.73,500,2,0
93949990,0,1410541,1400425,26.74,100,1,0
93950540,0,1396139,1411289,26.73,200,2,0
93950900,0,1396139,1411792,26.73,600,2,0
93951380,0,1396139,1412426,26.73,1300,2,0
93951420,0,1396139,1412472,26.73,200,2,0
93951580,0,1396139,1412700,26.73,200,2,0
93952380,0,1396139,1413824,26.73,200,2,0
93953170,0,1414947,1400425,26.74,400,1,0
93954610,0,1398015,1416993,26.73,100,2,0
93955090,0,1417713,1416993,26.73,700,1,0
93955260,0,1417974,1416993,26.73,100,1,0
93957630,0,1421015,1416993,26.73,700,1,0
94000290,0,1424559,1416993,26.73,300,1,0
94003460,0,1362895,1429592,26.71,100,2,0
94004350,0,1430835,1416993,26.73,1300,1,0
94004350,0,1430835,1417603,26.73,1000,1,0
94004350,0,1430835,1422475,26.73,700,1,0
94005670,0,1433102,1422475,26.73,100,1,0
94006500,0,1434603,1422487,26.73,100,1,0
94008460,0,1437681,1435144,26.72,500,1,0
94008460,0,1437681,1426244,26.73,100,1,0
94008460,0,1437681,1427822,26.73,400,1,0
94008460,0,1437681,1428725,26.73,1600,1,0
94008460,0,1437681,1430532,26.73,2000,1,0
94008460,0,1437681,1436411,26.73,300,1,0
94008840,0,1438342,1436411,26.73,2100,1,0
94012940,0,1442895,1444813,26.72,600,2,0
94014260,0,1446613,1436411,26.73,100,1,0
94014260,0,1446613,1436833,26.73,200,1,0
94016390,0,1442895,1449815,26.72,100,2,0
94016390,0,1446451,1449815,26.72,400,2,0
94016630,0,1446451,1450118,26.72,500,2,0
94017380,0,1451287,1436833,26.73,300,1,0
94017380,0,1451287,1450291,26.73,500,1,0
94017880,0,1451287,1452146,26.73,1000,2,0
94017990,0,1451287,1452304,26.73,1400,2,0
94017990,0,1451836,1452304,26.73,1600,2,0
94018100,0,1451836,1452432,26.73,100,2,0
94020020,0,1455237,1452432,26.73,100,1,0
94020400,0,1446451,1455865,26.72,300,2,0
94020710,0,1456423,1452432,26.73,200,1,0
94022950,0,1459638,1452432,26.73,100,1,0
94022950,0,1459638,1453936,26.73,500,1,0
94022950,0,1459638,1454065,26.73,500,1,0
94025640,0,1446451,1463390,26.72,300,2,0
94026940,0,1446451,1465358,26.72,800,2,0
94029470,0,1468709,1454065,26.73,300,1,0
94029710,0,1469021,1454065,26.73,200,1,0
94032310,0,1472410,1454847,26.73,300,1,0
94032870,0,1449394,1473127,26.72,1000,2,0
94035720,0,1477126,1474114,26.72,100,1,0
94035920,0,1477539,1474114,26.72,500,1,0
94037490,0,1412997,1479659,26.71,300,2,0
94037530,0,1412997,1479700,26.71,300,2,0
94037530,0,1445300,1479700,26.71,200,2,0
94037530,0,1445385,1479700,26.71,400,2,0
94037530,0,1352342,1479719,26.7,200,2,0
94038780,0,1481495,1479700,26.71,800,1,0
94040490,0,1415703,1483955,26.7,300,2,0
94052750,0,1347406,1499704,26.69,200,2,0
94103800,0,1378219,1514771,26.69,900,2,0
94103800,0,1393783,1514771,26.69,1700,2,0
94103800,0,1508548,1514771,26.69,300,2,0
94105950,0,1518143,1514771,26.69,200,1,0
94111390,0,1526668,1493669,26.71,200,1,0
94111390,0,1526668,1520627,26.71,700,1,0
94112650,0,1528852,1410027,26.74,200,1,0
94112650,0,1528852,1412741,26.74,1500,1,0
94112650,0,1528852,1413769,26.74,1000,1,0
94112650,0,1528852,1416795,26.74,100,1,0
94112650,0,1528852,1422326,26.74,700,1,0
94112650,0,1528852,1446838,26.74,500,1,0
94112650,0,1528852,1447876,26.74,100,1,0
94112650,0,1528852,1462868,26.74,500,1,0
94112650,0,1528852,1463756,26.74,2000,1,0
94113640,0,1530691,273569,26.75,600,1,0
94113640,0,1530691,278364,26.75,2200,1,0
94113640,0,1530691,335304,26.75,5000,1,0
94113640,0,1530691,891368,26.75,200,1,0
94113640,0,1530692,891368,26.75,300,1,0
94113640,0,1530692,918828,26.75,5500,1,0
94113640,0,1530692,1008977,26.75,2100,1,0
94113660,0,1529002,1530741,26.74,200,2,0
94114060,0,1531450,1036905,26.75,400,1,0
94114060,0,1531453,1036905,26.75,3200,1,0
94114060,0,1531453,1202130,26.75,1000,1,0
94114060,0,1531453,1269010,26.75,300,1,0
94114080,0,1531489,1269010,26.75,100,1,0
94114080,0,1531496,1403724,26.75,100,1,0
94114090,0,1531507,1403724,26.75,400,1,0
94114090,0,1531507,1420169,26.75,3000,1,0
94114090,0,1531507,1423362,26.75,1000,1,0
94114090,0,1531507,1437585,26.75,500,1,0
94114090,0,1531507,1442199,26.75,300,1,0
94114090,0,1531507,1475796,26.75,400,1,0
94114090,0,1531507,1476159,26.75,500,1,0
94114090,0,1531507,1531244,26.75,1000,1,0
94114780,0,1532653,350193,26.76,200,1,0
94117040,0,1536301,350193,26.76,1500,1,0
94117220,0,1536570,350193,26.76,100,1,0
94117220,0,1536571,350193,26.76,100,1,0
94117220,0,1536572,350193,26.76,100,1,0
94117220,0,1536573,350193,26.76,100,1,0
94117220,0,1536576,350193,26.76,200,1,0
94117960,0,1537878,350193,26.76,100,1,0
94118160,0,1538205,350193,26.76,2200,1,0
94118760,0,1531507,1539057,26.75,4000,2,0
94119050,0,1539404,738659,26.76,100,1,0
94119180,0,1539626,738659,26.76,1500,1,0
94119180,0,1539626,913279,26.76,500,1,0
94119340,0,1531887,1539823,26.75,100,2,0
94119790,0,1540368,927215,26.76,1200,1,0
94123070,0,1532016,1544628,26.75,100,2,0
94123090,0,1532074,1544656,26.75,500,2,0
94124260,0,1546346,927215,26.76,500,1,0
94127280,0,1536499,1550173,26.75,400,2,0
94127810,0,1550857,1550173,26.75,500,1,0
94129270,0,1552673,1550173,26.75,200,1,0
94129910,0,1553501,1550173,26.75,1800,1,0
94132910,0,1530467,1557025,26.74,100,2,0
94134680,0,1559042,1557025,26.74,200,1,0
94135780,0,1560317,1557025,26.74,1000,1,0
94135780,0,1560317,1558870,26.74,1500,1,0
94135780,0,1560317,1550173,26.75,1100,1,0
94138860,0,1563955,1550173,26.75,1600,1,0
94139200,0,1564291,1550173,26.75,5000,1,0
94140350,0,1565598,1550173,26.75,2000,1,0
94140470,0,1562921,1565748,26.74,1000,2,0
94141440,0,1566930,1550173,26.75,700,1,0
94145410,0,1571977,1569329,26.74,300,1,0
94145850,0,1572527,1550173,26.75,500,1,0
94146970,0,1572602,1573946,26.74,500,2,0
94147070,0,1574048,1550173,26.75,200,1,0
94147510,0,1574691,1551696,26.75,100,1,0
94151330,0,1573330,1580214,26.74,200,2,0
94152620,0,1582098,1553550,26.75,500,1,0
94152620,0,1582098,1554571,26.75,500,1,0
94152620,0,1582098,1555487,26.75,200,1,0
94155940,0,1586263,1586917,26.74,400,2,0
94156920,0,1588291,1555487,26.75,100,1,0
94156920,0,1588291,1558833,26.75,500,1,0
94156920,0,1588291,1559428,26.75,300,1,0
94156920,0,1588291,1561292,26.75,800,1,0
94159360,0,1572901,1591629,26.73,400,2,0
94159360,0,1587781,1591629,26.72,100,2,0
94200320,0,1593180,1591244,26.74,800,1,0
94200420,0,1593308,1591780,26.74,400,1,0
94202740,0,1596896,1592151,26.74,100,1,0
94202740,0,1596896,1592729,26.74,1000,1,0
94203660,0,1598657,1592729,26.74,900,1,0
94203760,0,1598869,1594787,26.74,1600,1,0
94204380,0,1599767,1599693,26.74,500,1,0
94205700,0,1599767,1601815,26.74,400,2,0
94209550,0,1599767,1608000,26.74,3900,2,0
94210400,0,1601304,1609177,26.74,100,2,0
94210800,0,1609729,1561292,26.75,1500,1,0
94211900,0,1611588,1561292,26.75,1600,1,0
94212970,0,1613015,1561292,26.75,100,1,0
94212970,0,1613015,1566059,26.75,700,1,0
94212970,0,1613015,1580041,26.75,1000,1,0
94212970,0,1613015,1587812,26.75,1500,1,0
94212970,0,1613015,1588888,26.75,800,1,0
94214070,0,1614396,1588888,26.75,400,1,0
94214070,0,1614396,1595662,26.75,1100,1,0
94214540,0,1615002,1595662,26.75,1700,1,0
94214680,0,1612527,1615161,26.74,800,2,0
94215080,0,1615878,1595662,26.75,100,1,0
94218880,0,1612527,1620869,26.74,300,2,0
94218880,0,1614178,1620869,26.74,100,2,0
94218880,0,1617072,1620869,26.74,200,2,0
94218880,0,1617877,1620869,26.74,400,2,0
94218940,0,1620937,1620869,26.74,100,1,0
94222160,0,1625388,1620869,26.74,2000,1,0
94225550,0,1629468,1620869,26.74,200,1,0
94231070,0,1636838,1620869,26.74,600,1,0
94231070,0,1636838,1623605,26.74,200,1,0
94231130,0,1636903,1623605,26.74,100,1,0
94231930,0,1638088,1628147,26.74,400,1,0
94231930,0,1638088,1631993,26.74,100,1,0
94234600,0,1641672,1641726,26.74,2600,2,0
94234880,0,1642094,1641726,26.74,500,1,0
94234900,0,1642130,1641726,26.74,300,1,0
94236080,0,1643650,1641726,26.74,400,1,0
94236310,0,1600782,1643922,26.73,100,2,0
94237700,0,1645350,1645573,26.74,100,2,0
94237970,0,1610223,1645946,26.73,800,2,0
94238070,0,1646073,1645573,26.74,500,1,0
94240170,0,1610223,1648766,26.73,12800,2,0
94240170,0,1626208,1648766,26.73,100,2,0
94240170,0,1626209,1648766,26.73,100,2,0
94240170,0,1643992,1648766,26.73,100,2,0
94240240,0,1648864,1648766,26.73,100,1,0
94241160,0,1650072,1648766,26.73,6600,1,0
94241160,0,1650072,1645573,26.74,100,1,0
94241160,0,1650072,1646813,26.74,500,1,0
94241160,0,1650072,1649219,26.74,200,1,0
94241400,0,1650072,1650474,26.74,700,2,0
94242880,0,1650072,1652520,26.74,1300,2,0
94243810,0,1650072,1653693,26.74,2200,2,0
94243810,0,1651209,1653693,26.74,1000,2,0
94243810,0,1651880,1653693,26.74,300,2,0
94243810,0,1651947,1653693,26.74,500,2,0
94245800,0,1654083,1656365,26.74,200,2,0
94247240,0,1658251,1656365,26.74,400,1,0
94247240,0,1658251,1657141,26.74,500,1,0
94250070,0,1661858,1661631,26.73,200,1,0
94252770,0,1665192,1661631,26.73,100,1,0
94254540,0,1608918,1667344,26.72,100,2,0
94254540,0,1661865,1667344,26.71,1000,2,0
94254540,0,1611725,1667344,26.7,800,2,0
94254540,0,1346925,1667344,26.68,300,2,0
94254540,0,1346966,1667344,26.68,200,2,0
94254670,0,1667476,1667344,26.67,1000,1,0
94254670,0,1667482,1667344,26.67,200,1,0
94254670,0,1667483,1667344,26.67,100,1,0
94255330,0,1668162,1661631,26.73,100,1,0
94255830,0,1668755,1661631,26.73,100,1,0
94256170,0,1669155,1661631,26.73,600,1,0
94256300,0,1669286,1661631,26.73,100,1,0
94258430,0,1671751,1661631,26.73,400,1,0
94304320,0,1669192,1679481,26.68,500,2,0
94305260,0,1680865,1673004,26.72,700,1,0
94306260,0,1682190,1682770,26.69,300,2,0
94306260,0,1669192,1682770,26.68,200,2,0
94306360,0,1669192,1682919,26.68,100,2,0
94306610,0,1669192,1683330,26.68,200,2,0
94308180,0,1672186,1685997,26.68,100,2,0
94308550,0,1686658,1685392,26.71,400,1,0
94308550,0,1686658,1673004,26.72,100,1,0
94308670,0,1672186,1686841,26.68,300,2,0
94308860,0,1672186,1687246,26.68,3900,2,0
94310320,0,1689988,1687246,26.68,200,1,0
94311410,0,1329867,1691804,26.65,100,2,0
94312430,0,1693666,1690716,26.67,300,1,0
94312540,0,1693826,1690716,26.67,100,1,0
94312540,0,1693826,1687246,26.68,100,1,0
94313930,0,1694547,1695684,26.66,100,2,0
94315660,0,1693094,1698267,26.64,200,2,0
94315660,0,1075870,1698267,26.63,300,2,0
94318290,0,1701979,1696327,26.65,100,1,0
94318290,0,1701979,1696329,26.65,100,1,0
94318290,0,1701979,1696330,26.65,100,1,0
94318290,0,1701979,1696331,26.65,100,1,0
94320840,0,1705252,1702845,26.64,200,1,0
94326580,0,1708358,1712911,26.64,700,2,0
94328030,0,1710849,1714748,26.64,100,2,0
94328030,0,1714682,1714748,26.64,200,2,0
94330000,0,1717268,1714748,26.64,200,1,0
94330200,0,1717544,1697113,26.65,100,1,0
94330350,0,1717591,1717773,26.64,400,2,0
94331200,0,1718849,1717773,26.64,1400,1,0
94331920,0,1719674,1719454,26.65,200,1,0
94333070,0,1721053,1719454,26.65,1200,1,0
94341210,0,1731200,1711282,26.66,300,1,0
94342120,0,1728849,1732223,26.65,600,2,0
94342240,0,1732370,1732223,26.65,400,1,0
94346310,0,1737129,1732223,26.65,400,1,0
94346660,0,1718849,1737485,26.64,100,2,0
94346660,0,1718849,1737491,26.64,100,2,0
94346700,0,1718849,1737559,26.64,100,2,0
94346880,0,1723826,1737765,26.64,100,2,0
94346880,0,1734629,1737768,26.64,100,2,0
94346880,0,1734629,1737769,26.64,100,2,0
94346880,0,1734629,1737771,26.64,100,2,0
94346880,0,1734629,1737772,26.64,100,2,0
94346910,0,1734629,1737801,26.64,400,2,0
94346970,0,1737876,1732223,26.65,100,1,0
94347150,0,1734629,1738062,26.64,200,2,0
94347150,0,1737580,1738062,26.64,300,2,0
94347150,0,1737613,1738062,26.64,100,2,0
94349640,0,1737613,1741228,26.64,100,2,0
94349640,0,1737613,1741229,26.64,100,2,0
94349640,0,1075870,1741230,26.63,100,2,0
94349640,0,1075870,1741231,26.63,100,2,0
94349670,0,1075870,1741260,26.63,100,2,0
94349900,0,1075870,1741507,26.63,100,2,0
94349900,0,1075870,1741510,26.63,100,2,0
94349900,0,1075870,1741511,26.63,100,2,0
94349900,0,1075870,1741513,26.63,100,2,0
94352110,0,1744558,1742699,26.64,100,1,0
94356000,0,1747199,1749410,26.64,1100,2,0
94359860,0,1753770,1732223,26.65,1100,1,0
94359860,0,1753770,1735060,26.65,500,1,0
94400370,0,1749716,1754484,26.64,3000,2,0
94403420,0,1749716,1758054,26.64,1700,2,0
94403420,0,1750103,1758054,26.64,400,2,0
94403420,0,1752024,1758054,26.64,300,2,0
94403420,0,1755177,1758054,26.64,500,2,0
94403420,0,1756213,1758054,26.64,800,2,0
94404190,0,1758978,1735060,26.65,500,1,0
94405080,0,1756213,1759956,26.64,500,2,0
94406870,0,1756213,1762114,26.64,500,2,0
94410260,0,1756526,1766777,26.64,300,2,0
94410680,0,1758422,1767452,26.64,600,2,0
94414630,0,1758422,1773018,26.64,4000,2,0
94415970,0,1758422,1774885,26.64,100,2,0
94420560,0,1780500,1735060,26.65,16500,1,0
94420560,0,1780500,1736298,26.65,500,1,0
94420560,0,1780500,1738098,26.65,600,1,0
94420560,0,1780500,1780163,26.65,200,1,0
94421500,0,1780500,1781680,26.65,4800,2,0
94423400,0,1784050,1711282,26.66,400,1,0
94425580,0,1780500,1786659,26.65,200,2,0
94428380,0,1780500,1789881,26.65,500,2,0
94428720,0,1790292,1711282,26.66,1700,1,0
94432580,0,1780500,1794601,26.65,2600,2,0
94432940,0,1780500,1795057,26.65,100,2,0
94434020,0,1796377,1711282,26.66,500,1,0
94434020,0,1796377,1781626,26.66,100,1,0
94438060,0,1780500,1800828,26.65,100,2,0
94438060,0,1780500,1800832,26.65,200,2,0
94438060,0,1780500,1800837,26.65,100,2,0
94438060,0,1780500,1800838,26.65,100,2,0
94438060,0,1780500,1800839,26.65,100,2,0
94438310,0,1780500,1801111,26.65,100,2,0
94439160,0,1802050,1781626,26.66,100,1,0
94439160,0,1802050,1788345,26.66,100,1,0
94442420,0,1805761,1801513,26.66,1700,1,0
94446090,0,1810196,1801513,26.66,100,1,0
94453470,0,1780500,1818245,26.65,500,2,0
94453910,0,1818279,1818790,26.66,1400,2,0
94453930,0,1818279,1818814,26.66,200,2,0
94456690,0,1821839,1730132,26.67,1500,1,0
94458520,0,1821839,1823971,26.67,1000,2,0
94459310,0,1821839,1824825,26.67,100,2,0
94502790,0,1821839,1829586,26.67,300,2,0
94505600,0,1821839,1833453,26.67,100,2,0
94506460,0,1835034,1834759,26.67,100,1,0
94506460,0,1835068,1688048,26.68,200,1,0
94506460,0,1835068,1714175,26.68,100,1,0
94509330,0,1839518,1714175,26.68,200,1,0
94512260,0,1843059,1714175,26.68,200,1,0
94516890,0,1848530,1845983,26.67,1400,1,0
94524490,0,1858782,1797139,26.69,300,1,0
94525950,0,1860608,1797139,26.69,700,1,0
94531230,0,1867762,1818775,26.7,500,1,0
94535650,0,1871554,1873438,26.69,100,2,0
94535720,0,1873520,1873438,26.69,100,1,0
94536910,0,1874987,1873438,26.69,200,1,0
94536910,0,1874987,1838533,26.7,4700,1,0
94536910,0,1874987,1842327,26.7,3700,1,0
94536910,0,1874987,1873499,26.7,200,1,0
94537860,0,1874987,1876121,26.7,2000,2,0
94538690,0,1877033,1876721,26.7,100,1,0
94544510,0,1884399,1876721,26.7,100,1,0
94545120,0,1885194,1876721,26.7,600,1,0
94545120,0,1885194,1878703,26.7,200,1,0
94545120,0,1885194,1879339,26.7,2200,1,0
94546360,0,1886623,1879339,26.7,2000,1,0
94547090,0,1878226,1887398,26.69,1100,2,0
94558980,0,1901112,1887398,26.69,300,1,0
94600690,0,1852948,1903499,26.68,100,2,0
94606950,0,1914892,1888538,26.69,4600,1,0
94607930,0,1916469,1893786,26.69,200,1,0
94611880,0,1852948,1922479,26.68,300,2,0
94611880,0,1859255,1922479,26.68,400,2,0
94611880,0,1873320,1922479,26.68,300,2,0
94613650,0,1873579,1924804,26.68,100,2,0
94613650,0,1880137,1924804,26.68,100,2,0
94613650,0,1882903,1924804,26.68,100,2,0
94613650,0,1886995,1924804,26.68,100,2,0
94613650,0,1887363,1924804,26.68,100,2,0
94613650,0,1888331,1924804,26.68,200,2,0
94616170,0,1928015,1893884,26.69,300,1,0
94616170,0,1928015,1913078,26.69,500,1,0
94616270,0,1888331,1928172,26.68,100,2,0
94616380,0,1928279,1916549,26.69,1900,1,0
94617020,0,1888331,1929064,26.68,100,2,0
94623250,0,1936996,1879339,26.7,200,1,0
94626910,0,1932986,1941344,26.69,3000,2,0
94630420,0,1945075,1879339,26.7,100,1,0
94631160,0,1932986,1945791,26.69,400,2,0
94633450,0,1932986,1948357,26.69,5000,2,0
94638530,0,1932986,1954430,26.69,1000,2,0
94642290,0,1958819,1879339,26.7,300,1,0
94643200,0,1959878,1879339,26.7,300,1,0
94645270,0,1932986,1962536,26.69,3100,2,0
94645370,0,1932986,1962638,26.69,200,2,0
94646440,0,1932986,1963993,26.69,1000,2,0
94647970,0,1932986,1965463,26.69,1000,2,0
94650570,0,1935449,1968334,26.69,100,2,0
94651000,0,1955342,1968805,26.69,100,2,0
94651000,0,1968755,1968805,26.69,200,2,0
94700420,0,1979016,1879339,26.7,500,1,0
94708140,0,1988297,1885239,26.7,100,1,0
94708140,0,1988297,1901904,26.7,400,1,0
94708140,0,1988297,1904223,26.7,300,1,0
94710710,0,1889069,1991105,26.68,100,2,0
94710870,0,1889069,1991250,26.68,100,2,0
94710870,0,1898589,1991250,26.68,100,2,0
94710870,0,1920194,1991250,26.68,100,2,0
94714200,0,1994821,1994246,26.69,200,1,0
94714640,0,1995395,1995196,26.69,100,1,0
94718610,0,2000707,1995196,26.69,300,1,0
94718610,0,2000707,1997624,26.69,100,1,0
94719200,0,2001427,1998023,26.69,1400,1,0
94719200,0,2001427,1998107,26.69,100,1,0
94724050,0,1989678,2007281,26.68,1000,2,0
94728750,0,2013051,2007281,26.68,2400,1,0
94729000,0,2013387,2007281,26.68,2300,1,0
94729500,0,1931044,2013987,26.67,100,2,0
94732250,0,2016405,2017006,26.68,5000,2,0
94737900,0,1931044,2023479,26.67,400,2,0
94741430,0,2027733,2002592,26.69,1900,1,0
94745230,0,1931044,2032181,26.67,200,2,0
94745340,0,2032325,2028281,26.68,500,1,0
94746470,0,2032325,2033794,26.68,300,2,0
94748160,0,2032325,2035550,26.68,200,2,0
94748160,0,2033046,2035550,26.68,700,2,0
94749490,0,2033046,2037075,26.68,500,2,0
94750420,0,2038139,2037464,26.68,200,1,0
94750420,0,2038139,2011324,26.69,3000,1,0
94750520,0,2038139,2038243,26.69,200,2,0
94750670,0,2038139,2038440,26.69,100,2,0
94752910,0,2038139,2040963,26.69,500,2,0
94756520,0,2038139,2045108,26.69,100,2,0
94757600,0,2038139,2046537,26.69,1000,2,0
94758630,0,2038139,2047868,26.69,500,2,0
94800830,0,2038139,2050294,26.69,300,2,0
94801520,0,2038139,2051108,26.69,100,2,0
94801530,0,2038139,2051115,26.69,200,2,0
94801530,0,2038139,2051134,26.69,100,2,0
94806250,0,2048824,2057213,26.69,400,2,0
94806460,0,2057409,2057213,26.69,4000,1,0
94813430,0,2065255,2057213,26.69,400,1,0
94814190,0,2046966,2066302,26.68,100,2,0
94814780,0,2046966,2066985,26.68,1100,2,0
94816370,0,2046966,2068842,26.68,100,2,0
94816420,0,2046966,2068886,26.68,600,2,0
94820470,0,1931044,2073601,26.67,100,2,0
94822140,0,2075624,2068886,26.68,200,1,0
94822140,0,2075624,2070616,26.68,400,1,0
94823070,0,1931044,2076623,26.67,200,2,0
94826650,0,2080313,2070616,26.68,600,1,0
94827940,0,1931044,2081734,26.67,200,2,0
94828950,0,1931044,2082933,26.67,800,2,0
94828950,0,2081126,2082933,26.67,300,2,0
94835090,0,2089798,2082933,26.67,1400,1,0
94837860,0,2093351,2082933,26.67,300,1,0
94843420,0,2099658,2093094,26.67,1200,1,0
94843420,0,2099658,2070616,26.68,400,1,0
94844050,0,2100272,2070616,26.68,400,1,0
94846550,0,2102957,2102636,26.67,200,1,0
94851940,0,2108317,2070616,26.68,1200,1,0
94851940,0,2108317,2073631,26.68,100,1,0
94851940,0,2108317,2075954,26.68,400,1,0
94851940,0,2108317,2079773,26.68,700,1,0
94851940,0,2108317,2088164,26.68,2900,1,0
94854470,0,2111166,2088164,26.68,1000,1,0
94856470,0,2113378,2088164,26.68,100,1,0
94856560,0,2113444,2088164,26.68,100,1,0
94857460,0,2114326,2088164,26.68,100,1,0
94857500,0,2114358,2088164,26.68,100,1,0
94859110,0,2115651,2115901,26.68,100,2,0
94859700,0,2116479,2059819,26.69,400,1,0
94859700,0,2116492,2059819,26.69,300,1,0
94900580,0,2116207,2117369,26.68,100,2,0
94901740,0,2118495,2059819,26.69,700,1,0
94901740,0,2118495,2062152,26.69,200,1,0
94901930,0,2116207,2118699,26.68,100,2,0
94901930,0,2116905,2118699,26.68,100,2,0
94901930,0,2116907,2118699,26.68,100,2,0
94901930,0,2116959,2118699,26.68,200,2,0
94904260,0,2117088,2121338,26.68,100,2,0
94904650,0,2121692,2062152,26.69,300,1,0
94907130,0,2124358,2122073,26.68,1000,1,0
94908310,0,2125591,2122073,26.68,2000,1,0
94911360,0,2129151,2064923,26.69,200,1,0
94911360,0,2129151,2068351,26.69,200,1,0
94911360,0,2129151,2068523,26.69,500,1,0
94911360,0,2129151,2071897,26.69,400,1,0
94911360,0,2129151,2087463,26.69,400,1,0
94911360,0,2129151,2099878,26.69,1000,1,0
94911360,0,2129151,2123205,26.69,500,1,0
94911950,0,2129151,2129766,26.69,600,2,0
94914530,0,2129151,2132630,26.69,200,2,0
94915100,0,2133198,1921650,26.7,200,1,0
94916350,0,2129151,2134596,26.69,100,2,0
94916970,0,2129151,2135166,26.69,500,2,0
94917970,0,2136138,1921650,26.7,100,1,0
94920060,0,2129151,2138140,26.69,300,2,0
94922500,0,2129151,2140683,26.69,100,2,0
94922700,0,2129882,2140971,26.68,700,2,0
94922700,0,2129882,2140981,26.68,1000,2,0
94922840,0,2141116,2140982,26.68,400,1,0
94922840,0,2141116,2140684,26.69,400,1,0
94924000,0,2141298,2142421,26.68,100,2,0
94924430,0,2142944,2140685,26.69,200,1,0
94924430,0,2142944,2140686,26.69,300,1,0
94927430,0,2143020,2145974,26.68,200,2,0
94930770,0,2149716,2140688,26.69,100,1,0
94932640,0,2143020,2151705,26.68,700,2,0
94933780,0,2143020,2152888,26.68,800,2,0
94934450,0,2143020,2153489,26.68,100,2,0
94937330,0,2143020,2156326,26.68,100,2,0
94937330,0,2143119,2156326,26.68,700,2,0
94937840,0,2143119,2156887,26.68,300,2,0
94937840,0,2147925,2156887,26.68,600,2,0
94937840,0,2108506,2156887,26.67,700,2,0
94938920,0,2108506,2157917,26.67,300,2,0
94939040,0,2114217,2158053,26.67,900,2,0
94940380,0,2159778,2159608,26.68,100,1,0
94940990,0,2160470,2159636,26.68,1000,1,0
94943170,0,2163095,2160380,26.68,100,1,0
94943800,0,2114217,2163768,26.67,100,2,0
94945250,0,2165629,2160380,26.68,100,1,0
94945250,0,2165629,2160518,26.68,200,1,0
94948640,0,2114217,2169321,26.67,12000,2,0
94949200,0,2114217,2169987,26.67,100,2,0
94949240,0,2114217,2170013,26.67,100,2,0
94949450,0,2114217,2170218,26.67,500,2,0
94949490,0,2114217,2170263,26.67,300,2,0
94949550,0,2124473,2170308,26.67,400,2,0
94949620,0,2126851,2170356,26.67,1000,2,0
94949620,0,2132350,2170356,26.67,100,2,0
94949620,0,2132350,2170367,26.67,200,2,0
94949620,0,2162667,2170367,26.67,100,2,0
94949950,0,1818691,2170737,26.66,100,2,0
94949950,0,1828485,2170737,26.66,2000,2,0
94949950,0,1835569,2170737,26.66,300,2,0
94949950,0,1838069,2170737,26.66,200,2,0
94949950,0,1846632,2170737,26.66,200,2,0
94950170,0,1913574,2170964,26.66,1000,2,0
94950350,0,2171130,2170367,26.67,2000,1,0
94950450,0,1913574,2171227,26.66,2600,2,0
94950450,0,1960612,2171227,26.66,500,2,0
94950450,0,2008435,2171227,26.66,100,2,0
94950450,0,2092767,2171227,26.66,500,2,0
94950450,0,2099402,2171227,26.66,3700,2,0
94950670,0,2099402,2171429,26.66,200,2,0
94952670,0,2105157,2173368,26.66,700,2,0
94952670,0,2105178,2173368,26.66,400,2,0
94952670,0,2139822,2173368,26.66,100,2,0
94952670,0,1780500,2173368,26.65,400,2,0
94952670,0,1781460,2173368,26.65,500,2,0
94952670,0,1803694,2173368,26.65,200,2,0
94952670,0,1813153,2173368,26.65,500,2,0
94952690,0,1836855,2173372,26.65,200,2,0
94952690,0,1860621,2173372,26.65,300,2,0
94954180,0,2174917,2170400,26.67,100,1,0
94954180,0,2174917,2170493,26.67,300,1,0
95002980,0,2184592,2170493,26.67,700,1,0
95004310,0,2176219,2186639,26.66,1000,2,0
95004640,0,2187028,2170493,26.67,100,1,0
95004650,0,2187030,2170493,26.67,100,1,0
95005140,0,2187860,2170493,26.67,500,1,0
95005160,0,2187868,2170493,26.67,600,1,0
95007060,0,2176219,2190931,26.66,200,2,0
95010840,0,2196389,2170974,26.67,100,1,0
95011200,0,2196804,2196880,26.67,100,2,0
95014740,0,2201856,2196880,26.67,100,1,0
95016800,0,2196017,2204261,26.66,200,2,0
95017500,0,1900313,2205092,26.65,100,2,0
95017500,0,2018165,2205092,26.65,200,2,0
95017500,0,2193359,2205092,26.65,100,2,0
95017500,0,1774627,2205092,26.64,400,2,0
95017500,0,1946829,2205092,26.64,3200,2,0
95017500,0,1181317,2205092,26.63,200,2,0
95017500,0,1707747,2205092,26.63,1000,2,0
95017500,0,1729688,2205092,26.63,500,2,0
95017500,0,1942127,2205092,26.63,500,2,0
95017500,0,1052260,2205092,26.62,900,2,0
95017500,0,1775208,2205092,26.62,300,2,0
95017500,0,1965627,2205092,26.62,3100,2,0
95017500,0,1028265,2205092,26.61,400,2,0
95017690,0,2205351,2204261,26.66,500,1,0
95017690,0,2205351,2196885,26.67,300,1,0
95020990,0,2206042,2209187,26.66,400,2,0
95022920,0,2207220,2211276,26.66,700,2,0
95028990,0,2218149,2211336,26.66,1000,1,0
95030420,0,2220029,2218293,26.64,100,1,0
95030420,0,2220029,2218294,26.64,500,1,0
95030420,0,2220029,2218295,26.64,500,1,0
95030420,0,2220029,2218296,26.64,500,1,0
95030420,0,2220029,2218297,26.64,100,1,0
95034380,0,2223870,2218297,26.64,100,1,0
95034700,0,2224503,2218297,26.64,100,1,0
95034960,0,2224824,2218311,26.64,300,1,0
95034960,0,2224824,2218312,26.64,200,1,0
95035100,0,2224958,2218312,26.64,100,1,0
95035100,0,2224958,2218313,26.64,300,1,0
95035100,0,2224958,2218314,26.64,300,1,0
95035100,0,2224958,2218315,26.64,300,1,0
95035100,0,2224958,2218316,26.64,100,1,0
95035100,0,2224958,2218317,26.64,300,1,0
95035100,0,2224958,2218318,26.64,300,1,0
95035100,0,2224958,2218319,26.64,300,1,0
95035100,0,2224958,2218320,26.64,300,1,0
95035100,0,2224958,2218321,26.64,300,1,0
95035100,0,2224958,2218322,26.64,100,1,0
95035100,0,2224958,2218323,26.64,100,1,0
95035100,0,2224958,2218324,26.64,200,1,0
95035130,0,2225038,2218324,26.64,100,1,0
95035130,0,2225038,2218325,26.64,300,1,0
95035130,0,2225044,2218326,26.64,100,1,0
95035130,0,2225044,2218327,26.64,100,1,0
95035130,0,2225044,2218328,26.64,300,1,0
95035130,0,2225044,2218329,26.64,300,1,0
95035130,0,2225044,2218330,26.64,200,1,0
95035130,0,2225044,2218331,26.64,200,1,0
95035130,0,2225044,2218332,26.64,200,1,0
95035130,0,2225044,2218333,26.64,200,1,0
95035130,0,2225044,2218334,26.64,100,1,0
95035130,0,2225044,2218335,26.64,300,1,0
95035130,0,2225044,2218336,26.64,300,1,0
95035150,0,2225061,2218337,26.64,200,1,0
95035150,0,2225061,2218338,26.64,100,1,0
95035150,0,2225061,2218339,26.64,200,1,0
95035150,0,2225061,2218340,26.64,100,1,0
95035380,0,2225411,2218364,26.64,100,1,0
95035380,0,2225411,2218365,26.64,100,1,0
95035380,0,2225411,2218366,26.64,100,1,0
95035380,0,2225411,2218367,26.64,100,1,0
95035380,0,2225411,2218368,26.64,200,1,0
95035380,0,2225411,2218369,26.64,200,1,0
95035380,0,2225411,2218370,26.64,200,1,0
95035380,0,2225412,2218371,26.64,200,1,0
95035380,0,2225412,2218372,26.64,200,1,0
95035380,0,2225412,2218373,26.64,200,1,0
95035380,0,2225412,2218374,26.64,200,1,0
95035380,0,2225412,2218375,26.64,200,1,0
95035380,0,2225412,2218376,26.64,200,1,0
95035380,0,2225412,2218380,26.64,1900,1,0
95035390,0,2225423,2218386,26.64,1300,1,0
95035390,0,2225424,2218386,26.64,600,1,0
95036410,0,2226096,2226670,26.65,600,2,0
95036440,0,2226696,2226670,26.65,100,1,0
95037690,0,2228101,2211336,26.66,100,1,0
95038250,0,2228101,2228764,26.66,100,2,0
95038480,0,2228968,2203764,26.67,100,1,0
95038770,0,2229256,2203764,26.67,200,1,0
95040190,0,2228101,2230707,26.66,100,2,0
95040190,0,2225471,2230707,26.64,500,2,0
95040610,0,2231122,2160519,26.68,2400,1,0
95040940,0,2230810,2231677,26.67,400,2,0
95041090,0,2231812,2231677,26.65,100,1,0
95042480,0,2233282,2160519,26.68,3400,1,0
95050160,0,2240421,2238012,26.66,1000,1,0
95051580,0,2225694,2241693,26.64,1300,2,0
95057310,0,2244316,2247102,26.66,100,2,0
95107290,0,2259828,2160519,26.68,300,1,0
95117180,0,2257280,2272288,26.67,100,2,0
95119030,0,2274493,2160519,26.68,3800,1,0
95119030,0,2274493,2270087,26.68,3000,1,0
95125400,0,2282468,2153213,26.69,500,1,0
95125650,0,2275109,2282771,26.68,800,2,0
95126480,0,2283833,2153213,26.69,100,1,0
95128410,0,2274587,2286255,26.67,700,2,0
95131160,0,2289876,2153213,26.69,100,1,0
95134400,0,2290581,2293716,26.68,300,2,0
95134400,0,2290625,2293716,26.68,300,2,0
95134880,0,2294231,2293716,26.68,2400,1,0
95148300,0,2308997,2308211,26.68,100,1,0
95148300,0,2308997,2153213,26.69,100,1,0
95155600,0,2316681,2157701,26.69,100,1,0
95156060,0,2317181,2294177,26.69,200,1,0
95156680,0,2317756,2294177,26.69,400,1,0
95157380,0,2294460,2318535,26.67,1600,2,0
95158160,0,2294460,2319225,26.67,100,2,0
95158850,0,2294460,2319832,26.67,300,2,0
95158850,0,2244316,2319832,26.66,700,2,0
95158850,0,2273136,2319832,26.66,800,2,0
95158850,0,2279624,2319832,26.66,200,2,0
95158850,0,2307745,2319832,26.66,4000,2,0
95159470,0,2320542,2319832,26.66,200,1,0
95201910,0,2323151,2319832,26.66,700,1,0
95201940,0,2323187,2319832,26.66,100,1,0
95201950,0,2323199,2319832,26.66,2900,1,0
95204110,0,2325580,2320452,26.67,200,1,0
95204900,0,2326472,2319852,26.68,300,1,0
95204900,0,2326472,2323135,26.68,900,1,0
95206300,0,2326493,2328083,26.68,100,2,0
95206300,0,2326507,2328083,26.68,100,2,0
95206300,0,2326513,2328083,26.68,100,2,0
95207900,0,2329774,2294177,26.69,2400,1,0
95207900,0,2329774,2314170,26.69,200,1,0
95207990,0,2329892,2314170,26.69,100,1,0
95210570,0,2329104,2332586,26.68,1400,2,0
95210570,0,2329471,2332586,26.68,300,2,0
95210570,0,2326165,2332586,26.67,4000,2,0
95210570,0,2328854,2332586,26.67,100,2,0
95210570,0,2329235,2332586,26.67,5000,2,0
95210570,0,2323744,2332586,26.66,100,2,0
95210860,0,2332922,2332586,26.66,400,1,0
95210910,0,2332948,2332586,26.66,100,1,0
95210910,0,2332950,2332586,26.66,1000,1,0
95211460,0,2333539,2314170,26.69,1100,1,0
95214100,0,2336406,2329762,26.69,200,1,0
95214400,0,2336747,2329762,26.69,3300,1,0
95214400,0,2336747,2330039,26.69,600,1,0
95214580,0,2336927,2336361,26.69,200,1,0
95215050,0,2337484,1921650,26.7,100,1,0
95216440,0,2336927,2339064,26.69,100,2,0
95217050,0,2339692,1921650,26.7,100,1,0
95217800,0,2336927,2340468,26.69,100,2,0
95218430,0,2341021,1921650,26.7,4100,1,0
95218430,0,2341021,1959104,26.7,200,1,0
95218430,0,2341021,1964967,26.7,500,1,0
95218620,0,2336932,2341168,26.69,100,2,0
95218940,0,2337191,2341479,26.69,100,2,0
95218940,0,2338835,2341479,26.67,100,2,0
95219980,0,2342389,1964967,26.7,300,1,0
95219980,0,2342389,1972071,26.7,100,1,0
95223150,0,2345313,2344371,26.69,1200,1,0
95224100,0,2346247,1972071,26.7,200,1,0
95224880,0,2347047,1972071,26.7,100,1,0
95224880,0,2347047,1992866,26.7,500,1,0
95224880,0,2347047,2135241,26.7,500,1,0
95224880,0,2347047,2199198,26.7,900,1,0
95224880,0,2347047,2215066,26.7,100,1,0
95224880,0,2347047,2216984,26.7,500,1,0
95224880,0,2347047,2298843,26.7,1000,1,0
95224880,0,2347047,2303328,26.7,300,1,0
95224880,0,2347047,2342498,26.7,500,1,0
95232810,0,2354993,2350002,26.7,500,1,0
95232810,0,2354993,2350387,26.7,500,1,0
95234400,0,2356435,2350387,26.7,100,1,0
95235400,0,2357489,2355698,26.7,100,1,0
95243360,0,2364736,1913522,26.71,300,1,0
95247760,0,2369193,1913522,26.71,900,1,0
95248530,0,2370033,1913522,26.71,700,1,0
95252190,0,2373433,1913522,26.71,2000,1,0
95256400,0,2358340,2377093,26.7,1000,2,0
95257340,0,2378036,1913522,26.71,300,1,0
95302550,0,2383628,2142726,26.71,100,1,0
95302550,0,2383628,2324383,26.71,500,1,0
95302550,0,2383628,2361664,26.71,800,1,0
95303260,0,2359760,2384431,26.7,100,2,0
95303260,0,2371956,2384431,26.7,500,2,0
95303260,0,2378489,2384431,26.7,2500,2,0
95306030,0,2387861,2384431,26.7,1500,1,0
95306930,0,2361448,2389081,26.69,400,2,0
95306930,0,2361448,2389084,26.69,100,2,0
95306930,0,2382218,2389084,26.69,700,2,0
95307720,0,2382218,2390094,26.69,100,2,0
95307720,0,2338835,2390094,26.67,100,2,0
95310860,0,2394501,2391021,26.68,1100,1,0
95310860,0,2394502,2391021,26.68,100,1,0
95310860,0,2394502,2393146,26.68,200,1,0
95310950,0,2394502,2394620,26.68,800,2,0
95310950,0,2394502,2394623,26.68,300,2,0
95311210,0,2394930,2394623,26.68,100,1,0
95311990,0,2395818,2394678,26.68,200,1,0
95312120,0,2395887,2396009,26.69,200,2,0
95312490,0,2396482,2390812,26.7,100,1,0
95312680,0,2396669,2390812,26.7,100,1,0
95312870,0,2396590,2396884,26.68,100,2,0
95315150,0,2396590,2399372,26.68,200,2,0
95316260,0,2399857,2400532,26.68,300,2,0
95319600,0,2400934,2403732,26.69,100,2,0
95320660,0,2399857,2404677,26.68,200,2,0
95326310,0,2409550,2406588,26.69,200,1,0
95327750,0,2409550,2410898,26.69,100,2,0
95327750,0,2409555,2410898,26.69,100,2,0
95327750,0,2409556,2410898,26.69,200,2,0
95327750,0,2409557,2410898,26.69,100,2,0
95327750,0,2409575,2410898,26.69,100,2,0
95327750,0,2409576,2410898,26.69,100,2,0
95327750,0,2409581,2410898,26.69,100,2,0
95327750,0,2409582,2410898,26.69,300,2,0
95327750,0,2409583,2410898,26.69,100,2,0
95327750,0,2409584,2410898,26.69,200,2,0
95327750,0,2409585,2410898,26.69,200,2,0
95327750,0,2409590,2410898,26.69,100,2,0
95327750,0,2409599,2410898,26.69,100,2,0
95327750,0,2409640,2410898,26.69,100,2,0
95327750,0,2409642,2410898,26.69,300,2,0
95327750,0,2409644,2410898,26.69,100,2,0
95327750,0,2409645,2410898,26.69,300,2,0
95327750,0,2409647,2410898,26.69,100,2,0
95327750,0,2409648,2410898,26.69,100,2,0
95327750,0,2409649,2410898,26.69,100,2,0
95327750,0,2409674,2410898,26.69,100,2,0
95327750,0,2399857,2410898,26.68,1700,2,0
95327750,0,2401108,2410898,26.68,100,2,0
95327750,0,2401279,2410898,26.68,300,2,0
95327750,0,2402511,2410898,26.68,400,2,0
95329310,0,2412236,2390812,26.7,100,1,0
95329340,0,2412259,2392532,26.7,100,1,0
95329350,0,2412299,2392532,26.7,100,1,0
95329370,0,2412304,2392532,26.7,100,1,0
95329370,0,2412309,2392532,26.7,100,1,0
95329380,0,2412345,2392532,26.7,300,1,0
95332300,0,2414959,2378124,26.71,400,1,0
95332300,0,2414959,2410498,26.71,500,1,0
95333640,0,2416051,2414888,26.71,100,1,0
95334170,0,2412345,2416538,26.7,100,2,0
95335320,0,2417511,2414888,26.71,100,1,0
95337000,0,2417513,2418945,26.71,100,2,0
95337000,0,2417522,2418945,26.71,100,2,0
95340960,0,2422209,2421395,26.71,100,1,0
95347610,0,2427919,2423998,26.71,100,1,0
95349760,0,2426358,2429908,26.7,800,2,0
95349870,0,2426358,2430004,26.7,100,2,0
95349890,0,2427684,2430022,26.7,100,2,0
95349980,0,2430095,2430035,26.7,300,1,0
95351000,0,2430994,2430035,26.7,100,1,0
95351000,0,2430994,2423998,26.71,200,1,0
95358190,0,2425208,2437459,26.69,100,2,0
95359850,0,2438921,2432153,26.7,1500,1,0
95359850,0,2438921,2436809,26.7,600,1,0
95405710,0,2445030,2436809,26.7,300,1,0
95408820,0,2449078,2438746,26.7,1000,1,0
95411800,0,2452186,2438746,26.7,200,1,0
95413560,0,2426087,2453852,26.69,100,2,0
95415280,0,2426763,2455445,26.69,100,2,0
95415280,0,2426933,2455445,26.69,100,2,0
95415280,0,2426952,2455445,26.69,100,2,0
95415280,0,2431860,2455445,26.69,100,2,0
95415280,0,2435672,2455445,26.69,200,2,0
95415980,0,2456199,2438746,26.7,100,1,0
95415980,0,2456199,2440483,26.7,1400,1,0
95415980,0,2456199,2441735,26.7,100,1,0
95415980,0,2456199,2423998,26.71,2000,1,0
95417820,0,2458092,2456714,26.7,200,1,0
95421360,0,2459679,2461921,26.7,700,2,0
95421360,0,2459764,2461921,26.7,700,2,0
95430880,0,2472477,2423998,26.71,2400,1,0
95433940,0,2464355,2475560,26.7,200,2,0
95435160,0,2476649,2423998,26.71,1800,1,0
95436260,0,2477655,2437117,26.71,200,1,0
95439120,0,2480221,2437117,26.71,700,1,0
95439120,0,2480221,2450849,26.71,100,1,0
95445030,0,2485442,2456883,26.71,200,1,0
95445030,0,2485442,2459098,26.71,1000,1,0
95445030,0,2485442,2467845,26.71,1000,1,0
95445030,0,2485442,2480365,26.71,300,1,0
95445030,0,2485442,2482848,26.71,100,1,0
95452070,0,2491157,1930986,26.72,3000,1,0
95452070,0,2491157,1986497,26.72,800,1,0
95452070,0,2491157,2108847,26.72,1400,1,0
95453160,0,2491974,2487587,26.72,100,1,0
95455830,0,2494136,1685361,26.73,100,1,0
95458630,0,2496435,1685361,26.73,3000,1,0
95501390,0,2491974,2499418,26.72,500,2,0
95501630,0,2491974,2499691,26.72,300,2,0
95502540,0,2491974,2500670,26.72,500,2,0
95502640,0,2491974,2500786,26.72,500,2,0
95513120,0,2512218,1661084,26.74,600,1,0
95513120,0,2512218,1668235,26.74,500,1,0
95513120,0,2512218,1678876,26.74,200,1,0
95514980,0,2500939,2513727,26.73,200,2,0
95519920,0,2518187,2013322,26.74,1100,1,0
95519920,0,2518187,2023093,26.74,400,1,0
95521750,0,2519963,2363684,26.74,100,1,0
95523770,0,2500939,2521995,26.73,800,2,0
95524420,0,2522839,2418150,26.74,100,1,0
95526740,0,2525252,2418150,26.74,100,1,0
95526740,0,2525252,2420677,26.74,500,1,0
95526740,0,2525252,2434490,26.74,600,1,0
95526930,0,2525486,2434490,26.74,1400,1,0
95527980,0,2500939,2526412,26.73,3500,2,0
95528690,0,2526971,2434490,26.74,4100,1,0
95529490,0,2527681,2434490,26.74,500,1,0
95532270,0,2530189,2434490,26.74,1500,1,0
95537860,0,2535217,2434490,26.74,300,1,0
95540330,0,2501652,2537342,26.73,100,2,0
95541580,0,2538458,2434490,26.74,100,1,0
95543290,0,2539988,2476498,26.74,300,1,0
95544890,0,2504540,2541411,26.73,100,2,0
95547900,0,2504540,2543928,26.73,500,2,0
95548220,0,2504540,2544283,26.73,100,2,0
95548610,0,2507153,2544631,26.73,900,2,0
95550250,0,2507153,2546054,26.73,500,2,0
95551890,0,2507153,2547508,26.73,400,2,0
95555130,0,2550324,2548038,26.73,100,1,0
95555130,0,2550324,2548039,26.73,300,1,0
95555130,0,2550324,2548040,26.73,300,1,0
95555130,0,2550324,2548041,26.73,200,1,0
95559530,0,2554054,2548042,26.73,100,1,0
95559530,0,2554054,2548102,26.73,100,1,0
95559690,0,2554210,2548102,26.73,100,1,0
95600040,0,2554580,2548105,26.73,200,1,0
95600040,0,2554580,2549270,26.73,600,1,0
95601890,0,2556358,2549270,26.73,100,1,0
95603220,0,2557548,2550263,26.73,300,1,0
95605010,0,2492583,2559547,26.72,1200,2,0
95605010,0,2538513,2559547,26.72,800,2,0
95605170,0,2559676,2550263,26.73,400,1,0
95605230,0,2559737,2550263,26.73,400,1,0
95605230,0,2559737,2553009,26.73,300,1,0
95605230,0,2559737,2555499,26.73,200,1,0
95605850,0,2560335,2476498,26.74,500,1,0
95606580,0,2559737,2561122,26.73,100,2,0
95617580,0,2571912,2519885,26.74,1000,1,0
95617580,0,2571912,2532714,26.74,1500,1,0
95619180,0,2573195,2532714,26.74,2600,1,0
95619960,0,2573928,2552435,26.74,100,1,0
95620790,0,2574689,2555621,26.74,1000,1,0
95620790,0,2574689,2569899,26.74,500,1,0
95620790,0,2574689,2569911,26.74,100,1,0
95620790,0,2574689,2571228,26.74,100,1,0
95620790,0,2574689,2572871,26.74,100,1,0
95620790,0,2574689,1597003,26.75,500,1,0
95620790,0,2574689,1627732,26.75,10000,1,0
95620790,0,2574689,1637549,26.75,800,1,0
95620790,0,2574689,1660713,26.75,400,1,0
95620790,0,2574689,1663689,26.75,30000,1,0
95620790,0,2574689,1675661,26.75,1000,1,0
95620790,0,2574689,1764259,26.75,500,1,0
95620790,0,2574689,1939809,26.75,1000,1,0
95620790,0,2574689,1974845,26.75,100,1,0
95620790,0,2574689,1981133,26.75,1000,1,0
95620790,0,2574689,2002687,26.75,300,1,0
95620790,0,2574689,2100893,26.75,300,1,0
95620790,0,2574689,2183525,26.75,200,1,0
95620790,0,2574689,2335915,26.75,4200,1,0
95620790,0,2574689,2366374,26.75,100,1,0
95620790,0,2574689,2379006,26.75,10000,1,0
95620790,0,2574689,2445875,26.75,800,1,0
95620790,0,2574689,2472372,26.75,100,1,0
95620790,0,2574689,2489712,26.75,1000,1,0
95620790,0,2574689,2518040,26.75,2000,1,0
95620790,0,2574689,2528697,26.75,100,1,0
95620790,0,2574689,2531795,26.75,500,1,0
95620790,0,2574689,2546963,26.75,1400,1,0
95621050,0,2574921,2546963,26.75,100,1,0
95621430,0,2575331,2546963,26.75,100,1,0
95623240,0,2574864,2576918,26.74,4000,2,0
95623380,0,2577048,2546963,26.75,200,1,0
95623780,0,2577052,2577434,26.75,300,2,0
95623780,0,2577124,2577434,26.75,100,2,0
95623780,0,2577126,2577434,26.75,500,2,0
95623780,0,2577234,2577434,26.75,600,2,0
95623780,0,2574864,2577434,26.74,1900,2,0
95623780,0,2575219,2577434,26.74,200,2,0
95623780,0,2575695,2577434,26.74,6000,2,0
95623780,0,2576640,2577434,26.74,200,2,0
95623780,0,2577125,2577434,26.74,100,2,0
95623890,0,2577545,2577434,26.74,5300,1,0
95626370,0,2579820,2577434,26.74,300,1,0
95626400,0,2579845,2577434,26.74,100,1,0
95629380,0,2582300,2577434,26.74,7800,1,0
95630820,0,2583647,2583209,26.75,900,1,0
95632340,0,2584839,1242968,26.76,100,1,0
95632340,0,2584839,1548768,26.76,100,1,0
95632340,0,2584839,1770794,26.76,3900,1,0
95634230,0,2584839,2586651,26.76,500,2,0
95635200,0,2587584,68288,26.77,3000,1,0
95635200,0,2587584,994161,26.77,1700,1,0
95635200,0,2587584,1654308,26.77,1000,1,0
95635200,0,2587584,1664703,26.77,200,1,0
95635200,0,2587584,2443362,26.77,600,1,0
95635200,0,2587584,2450051,26.77,100,1,0
95635200,0,2587584,2525258,26.77,500,1,0
95635200,0,2587584,2529415,26.77,200,1,0
95635200,0,2587584,2537682,26.77,500,1,0
95639230,0,2584839,2591292,26.76,300,2,0
95639400,0,2591440,235649,26.78,400,1,0
95641310,0,2593091,310365,26.78,400,1,0
95641870,0,2593668,310365,26.78,100,1,0
95641870,0,2593668,989578,26.78,700,1,0
95642440,0,2594174,989578,26.78,200,1,0
95643980,0,2595522,1426280,26.78,300,1,0
95645260,0,2596488,2592353,26.78,100,1,0
95646210,0,2597241,299418,26.79,100,1,0
95647780,0,2598632,329296,26.79,1300,1,0
95648210,0,2596558,2599069,26.78,400,2,0
95649200,0,2599854,329296,26.79,400,1,0
95649200,0,2599854,347318,26.79,300,1,0
95649200,0,2599854,905875,26.79,600,1,0
95649500,0,2600093,905875,26.79,200,1,0
95649850,0,2600417,958919,26.79,400,1,0
95650160,0,2600666,987162,26.79,200,1,0
95651830,0,2602024,987162,26.79,1000,1,0
95652040,0,2602192,987162,26.79,300,1,0
95652780,0,2602788,987162,26.79,500,1,0
95652870,0,2602858,987162,26.79,100,1,0
95652900,0,2597399,2602899,26.78,600,2,0
95654260,0,2604089,987162,26.79,2400,1,0
95654430,0,2604224,987162,26.79,500,1,0
95655020,0,2604682,987162,26.79,1800,1,0
95655020,0,2604682,1553288,26.79,1000,1,0
95655790,0,2605288,1628708,26.79,500,1,0
95655840,0,2605348,1674623,26.79,200,1,0
95656530,0,2606073,2567640,26.79,300,1,0
95657410,0,2606858,2598735,26.79,500,1,0
95657540,0,2597399,2606964,26.78,1200,2,0
95657830,0,2607203,2602969,26.79,200,1,0
95658180,0,2597399,2607553,26.78,100,2,0
95659550,0,2597399,2608781,26.78,400,2,0
95701430,0,2610663,2602969,26.79,1800,1,0
95701430,0,2610663,2603311,26.79,200,1,0
95701430,0,2610663,2605242,26.79,100,1,0
95701430,0,2610663,2606522,26.79,200,1,0
95701430,0,2610663,2608831,26.79,800,1,0
95701430,0,2610663,2609317,26.79,1000,1,0
95701430,0,2610663,2610617,26.79,500,1,0
95702630,0,2610663,2611917,26.79,200,2,0
95703160,0,2612502,31796,26.8,300,1,0
95703160,0,2612502,111422,26.8,1000,1,0
95703160,0,2612502,323894,26.8,500,1,0
95703160,0,2612502,779905,26.8,2000,1,0
95703160,0,2612502,1391353,26.8,500,1,0
95703160,0,2612502,1392880,26.8,500,1,0
95703160,0,2612502,1417002,26.8,1300,1,0
95703160,0,2612502,1445002,26.8,1000,1,0
95703160,0,2612502,1476890,26.8,1500,1,0
95703160,0,2612502,1481103,26.8,1000,1,0
95703160,0,2612502,1494022,26.8,500,1,0
95703160,0,2612502,1541585,26.8,200,1,0
95703160,0,2612502,1544620,26.8,1200,1,0
95703160,0,2612502,1610517,26.8,100,1,0
95703160,0,2612502,1679847,26.8,300,1,0
95703160,0,2612502,1682981,26.8,7700,1,0
95703160,0,2612502,1781261,26.8,100,1,0
95703160,0,2612502,1785131,26.8,500,1,0
95703160,0,2612502,1896046,26.8,100,1,0
95703160,0,2612502,1923887,26.8,2000,1,0
95703160,0,2612502,2170621,26.8,1000,1,0
95703160,0,2612502,2517188,26.8,200,1,0
95703160,0,2612502,2521878,26.8,3000,1,0
95703160,0,2612502,277100,26.81,500,1,0
95703160,0,2612502,1561888,26.81,100,1,0
95703160,0,2612502,1705933,26.82,1000,1,0
95703160,0,2612502,2302210,26.82,100,1,0
95704610,0,2612502,2614261,26.82,200,2,0
95704790,0,2612502,2614485,26.82,200,2,0
95704820,0,2612502,2614523,26.82,200,2,0
95704890,0,2612502,2614567,26.82,1300,2,0
95705510,0,2615333,58278,26.83,1100,1,0
95705510,0,2615333,271488,26.83,800,1,0
95705510,0,2615333,1030109,26.83,100,1,0
95705510,0,2615333,1496489,26.83,500,1,0
95705510,0,2615333,1513838,26.83,1500,1,0
95707720,0,2612502,2618372,26.82,100,2,0
95708330,0,2612502,2619414,26.82,900,2,0
95708610,0,2612502,2619868,26.82,100,2,0
95708610,0,2612502,2619894,26.82,200,2,0
95708610,0,2612502,2619897,26.82,100,2,0
95709250,0,2612502,2621073,26.82,200,2,0
95709340,0,2612502,2621188,26.82,200,2,0
95709380,0,2621281,1541246,26.83,900,1,0
95709380,0,2621281,2618855,26.83,2000,1,0
95709380,0,2621281,913443,26.84,6900,1,0
95709530,0,2612502,2621553,26.82,200,2,0
95709890,0,2612502,2622114,26.82,300,2,0
95711840,0,2625017,2625039,26.83,200,2,0
95714270,0,2625017,2628204,26.83,200,2,0
95715740,0,2625017,2630015,26.83,200,2,0
95716710,0,2625017,2631346,26.83,100,2,0
95716870,0,2625017,2631522,26.83,300,2,0
95716960,0,2625017,2631638,26.83,100,2,0
95717370,0,2625017,2632038,26.83,500,2,0
95717960,0,2632679,185716,26.85,2200,1,0
95718180,0,2633028,185716,26.85,2400,1,0
95718850,0,2633834,2633171,26.84,200,1,0
95718850,0,2633834,270547,26.85,200,1,0
95718850,0,2633834,358723,26.85,1200,1,0
95718850,0,2633834,1448887,26.85,200,1,0
95719880,0,2625017,2634930,26.83,1300,2,0
95720330,0,2635405,1448887,26.85,1500,1,0
95720670,0,2625017,2635808,26.83,100,2,0
95720720,0,2635849,2635676,26.84,100,1,0
95720720,0,2635849,1665111,26.85,1100,1,0
95720720,0,2635849,1684049,26.85,700,1,0
95720720,0,2635849,1830928,26.85,300,1,0
95720720,0,2635849,2604666,26.85,100,1,0
95720720,0,2635849,2612073,26.85,100,1,0
95720720,0,2635849,2619346,26.85,5600,1,0
95720720,0,2635849,2624543,26.85,200,1,0
95720720,0,2635849,2625682,26.85,200,1,0
95720720,0,2635849,2627107,26.85,200,1,0
95720720,0,2635849,2627639,26.85,200,1,0
95720720,0,2635849,2629365,26.85,1000,1,0
95720720,0,2635849,2632158,26.85,300,1,0
95720720,0,2635849,2634595,26.85,1000,1,0
95720720,0,2635849,2635375,26.85,100,1,0
95720720,0,2635849,32092,26.86,600,1,0
95720720,0,2635849,1648155,26.86,100,1,0
95720720,0,2635849,1944590,26.86,2500,1,0
95720720,0,2635849,2526646,26.86,3900,1,0
95720850,0,2625017,2635956,26.83,600,2,0
95720850,0,2628129,2635956,26.83,300,2,0
95720850,0,2631029,2635956,26.83,700,2,0
95720850,0,2631676,2635956,26.83,100,2,0
95720850,0,2631964,2635956,26.83,100,2,0
95721200,0,2636307,2635956,26.83,100,1,0
95721220,0,2636312,2635956,26.83,100,1,0
95721410,0,2636312,2636508,26.85,100,2,0
95721410,0,2636312,2636511,26.85,100,2,0
95721410,0,2636312,2636512,26.85,200,2,0
95721410,0,2636312,2636517,26.85,200,2,0
95721410,0,2636312,2636518,26.85,100,2,0
95721430,0,2636312,2636519,26.85,500,2,0
95721430,0,2636312,2636522,26.85,100,2,0
95721430,0,2636312,2636523,26.85,100,2,0
95721430,0,2636312,2636524,26.85,100,2,0
95721430,0,2636312,2636533,26.85,100,2,0
95721430,0,2636312,2636534,26.85,400,2,0
95721500,0,2636312,2636618,26.85,100,2,0
95721530,0,2636312,2636656,26.85,500,2,0
95721700,0,2636312,2636927,26.85,1300,2,0
95723430,0,2638411,2638586,26.86,7000,2,0
95723640,0,2636670,2638787,26.84,400,2,0
95725090,0,2640060,2640187,26.86,100,2,0
95725110,0,2640060,2640215,26.86,100,2,0
95725200,0,2640358,1664697,26.87,100,1,0
95725980,0,2636670,2641020,26.84,200,2,0
95727060,0,2641953,2642066,26.86,100,2,0
95727130,0,2641953,2642142,26.86,100,2,0
95727250,0,2642229,2642168,26.86,200,1,0
95727250,0,2642229,2642190,26.86,1300,1,0
95727250,0,2642229,2642228,26.86,200,1,0
95727280,0,2642229,2642260,26.86,200,2,0
95727930,0,2642815,2642264,26.86,100,1,0
95727930,0,2642815,2642324,26.86,200,1,0
95727930,0,2642815,2642325,26.86,200,1,0
95727930,0,2642815,2642332,26.86,100,1,0
95728170,0,2642815,2643030,26.86,900,2,0
95728170,0,2642815,2643033,26.86,600,2,0
95728170,0,2642815,2643036,26.86,300,2,0
95728170,0,2642815,2643037,26.86,900,2,0
95728170,0,2642815,2643039,26.86,200,2,0
95728170,0,2642815,2643040,26.86,100,2,0
95728170,0,2642815,2643041,26.86,100,2,0
95728170,0,2642815,2643042,26.86,200,2,0
95728170,0,2642815,2643043,26.86,200,2,0
95728170,0,2642815,2643044,26.86,200,2,0
95728170,0,2642815,2643045,26.86,300,2,0
95728170,0,2642815,2643046,26.86,100,2,0
95728170,0,2642815,2643047,26.86,100,2,0
95728170,0,2642815,2643049,26.86,200,2,0
95728170,0,2642815,2643051,26.86,100,2,0
95728170,0,2642815,2643052,26.86,300,2,0
95728170,0,2642815,2643053,26.86,100,2,0
95728200,0,2642815,2643074,26.86,100,2,0
95728350,0,2642815,2643209,26.86,100,2,0
95728700,0,2643529,2643250,26.86,100,1,0
95728700,0,2643529,2643272,26.86,400,1,0
95730890,0,2646086,2643901,26.86,1400,1,0
95730890,0,2646086,2645402,26.86,400,1,0
95731090,0,2646086,2646335,26.86,300,2,0
95731160,0,2646086,2646417,26.86,100,2,0
95731160,0,2646086,2646419,26.86,100,2,0
95731160,0,2646086,2646421,26.86,100,2,0
95731180,0,2646086,2646424,26.86,100,2,0
95731180,0,2646086,2646428,26.86,100,2,0
95731180,0,2646086,2646429,26.86,100,2,0
95731180,0,2646086,2646430,26.86,200,2,0
95731180,0,2646086,2646432,26.86,100,2,0
95731690,0,2646086,2647109,26.86,200,2,0
95731690,0,2646086,2647110,26.86,300,2,0
95731690,0,2646086,2647115,26.86,200,2,0
95731690,0,2646086,2647119,26.86,200,2,0
95731690,0,2646086,2647123,26.86,100,2,0
95731690,0,2646086,2647136,26.86,100,2,0
95732260,0,2647204,2647814,26.85,300,2,0
95732670,0,2648104,2648267,26.85,100,2,0
95732670,0,2648104,2648270,26.85,100,2,0
95732670,0,2648104,2648271,26.85,100,2,0
95732670,0,2648104,2648272,26.85,100,2,0
95732900,0,2648526,2647265,26.86,300,1,0
95733760,0,2648104,2649383,26.85,300,2,0
95734300,0,2648104,2649944,26.85,200,2,0
95734830,0,2649346,2650465,26.85,600,2,0
95734850,0,2649346,2650480,26.85,200,2,0
95734870,0,2649346,2650487,26.85,100,2,0
95734870,0,2649346,2650490,26.85,300,2,0
95734870,0,2636670,2650490,26.84,200,2,0
95736710,0,2652528,2651756,26.85,500,1,0
95736710,0,2652528,2652134,26.85,2700,1,0
95736740,0,2652545,2647265,26.86,400,1,0
95736740,0,2652545,2647323,26.86,200,1,0
95736920,0,2652528,2652718,26.85,200,2,0
95736960,0,2652528,2652746,26.85,200,2,0
95737180,0,2652946,2647323,26.86,100,1,0
95737180,0,2652946,2647324,26.86,300,1,0
95737590,0,2652528,2653363,26.85,1400,2,0
95737590,0,2652634,2653363,26.85,200,2,0
95737590,0,2652967,2653363,26.85,2700,2,0
95737720,0,2653527,2653363,26.85,100,1,0
95738120,0,2636670,2654067,26.84,300,2,0
95738440,0,2636670,2654373,26.84,1400,2,0
95738460,0,2654391,2653363,26.85,1300,1,0
95738860,0,2636670,2654853,26.84,300,2,0
95738860,0,2648607,2654853,26.84,100,2,0
95740630,0,2657118,2654853,26.83,300,1,0
95740660,0,2657147,2654853,26.83,200,1,0
95743180,0,2623633,2660208,26.82,100,2,0
95743180,0,2626806,2660208,26.82,100,2,0
95743450,0,2626806,2660462,26.82,400,2,0
95743630,0,2660667,2654853,26.83,10000,1,0
95743840,0,2626806,2660951,26.82,300,2,0
95743840,0,2659214,2660952,26.82,100,2,0
95745180,0,2662469,2660958,26.82,200,1,0
95745820,0,2663292,2661510,26.83,100,1,0
95747320,0,2664556,2664797,26.83,1000,2,0
95747360,0,2664556,2664835,26.83,100,2,0
95747600,0,2664556,2665074,26.83,100,2,0
95748160,0,2664556,2665624,26.83,400,2,0
95748960,0,2664556,2666368,26.83,200,2,0
95748960,0,2665942,2666368,26.83,100,2,0
95749330,0,2666685,2655367,26.84,100,1,0
95749610,0,2665942,2667021,26.83,900,2,0
95750020,0,2618129,2667436,26.81,100,2,0
95750020,0,2655551,2667436,26.81,700,2,0
95750460,0,2667806,2667436,26.81,500,1,0
95751170,0,2619835,2668491,26.8,100,2,0
95752040,0,2669321,2667436,26.81,1000,1,0
95752220,0,2619835,2669473,26.8,3000,2,0
95753330,0,2670454,2667436,26.81,1600,1,0
95754070,0,2671091,2667436,26.81,100,1,0
95755750,0,2672754,2667436,26.81,300,1,0
95755750,0,2672754,2667912,26.81,100,1,0
95755750,0,2672754,2670027,26.81,100,1,0
95755750,0,2672754,2671060,26.81,200,1,0
95755750,0,2672754,2672577,26.81,3300,1,0
95757980,0,2675027,2672577,26.81,600,1,0
95758060,0,2675086,2672577,26.81,500,1,0
95758940,0,2675970,2672577,26.81,600,1,0
95758940,0,2675970,2673053,26.81,400,1,0
95759960,0,2676974,2673053,26.81,100,1,0
95800160,0,2676974,2677180,26.81,1000,2,0
95800210,0,2676974,2677221,26.81,200,2,0
95800350,0,2676974,2677332,26.81,200,2,0
95801620,0,2678612,2668848,26.82,700,1,0
95802160,0,2678612,2679239,26.82,300,2,0
95802160,0,2676974,2679239,26.81,200,2,0
95802870,0,2676974,2680004,26.81,500,2,0
95806070,0,2683525,2680203,26.82,1000,1,0
95809990,0,2688201,2688022,26.82,400,1,0
95809990,0,2688201,2670256,26.83,1000,1,0
95809990,0,2688201,2672305,26.83,500,1,0
95810370,0,2677074,2688666,26.81,200,2,0
95810370,0,2682132,2688666,26.81,300,2,0
95810860,0,2682132,2689230,26.81,100,2,0
95810990,0,2683552,2689373,26.81,1000,2,0
95811240,0,2683552,2689687,26.81,1700,2,0
95812060,0,2686358,2690528,26.81,200,2,0
95812060,0,2690413,2690528,26.81,100,2,0
95815510,0,2690413,2693937,26.81,100,2,0
95815820,0,2692108,2694385,26.81,200,2,0
95816030,0,2694687,2689502,26.82,100,1,0
95817610,0,2696426,2689502,26.82,1000,1,0
95818420,0,2692879,2697160,26.81,500,2,0
95819060,0,2697880,2697160,26.81,1000,1,0
95820450,0,2699162,2697160,26.81,100,1,0
95821590,0,2628369,2700165,26.8,200,2,0
95821650,0,2700217,2697160,26.81,100,1,0
95823610,0,2701888,2697160,26.81,200,1,0
95823940,0,2702230,2697160,26.81,2400,1,0
95824120,0,2679852,2702393,26.8,500,2,0
95824120,0,2690434,2702393,26.8,3100,2,0
95825790,0,2690434,2703892,26.8,200,2,0
95826120,0,2704202,2697160,26.81,100,1,0
95826170,0,2690434,2704248,26.8,100,2,0
95826230,0,2704298,2697160,26.81,900,1,0
95828640,0,2706323,2697424,26.81,100,1,0
95829190,0,2692723,2706881,26.8,500,2,0
95829590,0,2692723,2707222,26.8,1100,2,0
95829590,0,2697634,2707222,26.8,1000,2,0
95829590,0,2698911,2707222,26.8,300,2,0
95830410,0,2617449,2708024,26.79,500,2,0
95830990,0,2708607,2697937,26.81,300,1,0
95830990,0,2708607,2699019,26.81,100,1,0
95834600,0,2711821,2709262,26.8,100,1,0
95834890,0,2712085,2699019,26.81,200,1,0
95835590,0,2617449,2712715,26.79,300,2,0
95835650,0,2617449,2712802,26.79,100,2,0
95836670,0,2618852,2713997,26.79,500,2,0
95836930,0,2618852,2714229,26.79,4300,2,0
95836930,0,2705507,2714229,26.79,400,2,0
95836990,0,2597832,2714305,26.78,100,2,0
95836990,0,2598031,2714305,26.78,200,2,0
95837210,0,2598031,2714496,26.78,200,2,0
95838800,0,2599782,2716164,26.78,200,2,0
95840160,0,2604214,2717614,26.78,100,2,0
95840160,0,2623617,2717614,26.78,100,2,0
95840800,0,2718294,2714229,26.79,100,1,0
95840800,0,2718294,2714437,26.79,100,1,0
95842810,0,2623617,2720212,26.78,300,2,0
95842960,0,2715226,2720364,26.78,1300,2,0
95842960,0,2716867,2720364,26.78,700,2,0
95843230,0,2720608,2719430,26.79,1400,1,0
95845830,0,2722797,2722254,26.79,1200,1,0
95846990,0,2716867,2723839,26.78,100,2,0
95847140,0,2724001,2722254,26.79,200,1,0
95847140,0,2724001,2722923,26.79,1000,1,0
95847140,0,2724001,2723702,26.79,800,1,0
95847810,0,2716867,2724701,26.78,100,2,0
95849360,0,2716867,2726278,26.78,200,2,0
95849380,0,2716867,2726284,26.78,500,2,0
95850070,0,2716867,2726935,26.78,1000,2,0
95850290,0,2727203,2725086,26.79,300,1,0
95850290,0,2727203,2725482,26.79,500,1,0
95850290,0,2727203,2725790,26.79,1000,1,0
95851410,0,2728323,2728387,26.79,700,2,0
95851510,0,2716867,2728494,26.78,300,2,0
95851950,0,2720713,2729024,26.78,100,2,0
95852540,0,2592342,2729789,26.77,100,2,0
95853140,0,2730462,2728568,26.79,300,1,0
95853300,0,2592342,2730624,26.77,100,2,0
95853360,0,2730685,2730464,26.78,400,1,0
95853650,0,2602151,2730994,26.77,100,2,0
95856170,0,2733776,2733600,26.78,500,1,0
95857350,0,2733831,2735044,26.77,800,2,0
95859820,0,2737351,2736999,26.78,300,1,0
95902720,0,2733831,2740459,26.77,100,2,0
95903120,0,2733831,2740797,26.77,2000,2,0
95903700,0,2733831,2741375,26.77,400,2,0
95907100,0,2744673,2742635,26.77,100,1,0
95913330,0,2589530,2750734,26.76,100,2,0
95913540,0,2719706,2750908,26.76,1900,2,0
95919930,0,2702973,2756482,26.75,100,2,0
95920540,0,2754696,2757029,26.75,100,2,0
95921360,0,2757681,2757773,26.75,100,2,0
95922490,0,2757946,2758867,26.75,100,2,0
95925480,0,2762107,2758867,26.75,200,1,0
95928220,0,2563605,2764468,26.73,100,2,0
95930450,0,2766562,2758867,26.75,400,1,0
95930670,0,2579304,2766764,26.73,1000,2,0
95930670,0,2761985,2766764,26.73,5500,2,0
95930690,0,2730506,2766772,26.72,100,2,0
95932210,0,2730506,2768081,26.72,900,2,0
95938080,0,2488546,2773154,26.71,100,2,0
95942170,0,2494070,2776705,26.71,500,2,0
95945420,0,2779478,2778985,26.71,200,1,0
95945420,0,2779483,2778985,26.71,100,1,0
95946110,0,2474973,2780105,26.7,43,2,0
95952900,0,2479217,2785519,26.7,100,2,0
95952900,0,2481188,2785519,26.7,243,2,0
95956320,0,2529797,2788271,26.7,343,2,0
95956340,0,2639158,2788288,26.7,1000,2,0
95958380,0,2684203,2789832,26.7,1600,2,0
95959710,0,2790798,2786303,26.71,200,1,0
100001750,0,2684203,2793297,26.7,557,2,0
100001820,0,2764537,2793389,26.7,500,2,0
100002200,0,2764537,2793925,26.7,200,2,0
100006200,0,2798787,2786303,26.71,300,1,0
100009600,0,2804029,2790747,26.71,400,1,0
100009700,0,2764537,2804194,26.7,200,2,0
100009700,0,2764537,2804215,26.7,100,2,0
100009730,0,2764537,2804258,26.7,700,2,0
100009820,0,2764537,2804392,26.7,700,2,0
100010850,0,2764537,2805839,26.7,200,2,0
100011410,0,2806650,2801884,26.71,200,1,0
100011560,0,2764537,2806800,26.7,100,2,0
100013590,0,2809377,2802220,26.71,100,1,0
100015150,0,2811340,2810371,26.72,100,1,0
100015620,0,2811955,2810371,26.72,100,1,0
100016060,0,2812482,2766764,26.73,100,1,0
100016320,0,2811966,2812803,26.72,100,2,0
100016380,0,2812870,2766764,26.73,600,1,0
100016420,0,2811966,2812932,26.72,200,2,0
100016920,0,2813500,2772779,26.73,100,1,0
100017890,0,2814803,2766882,26.74,100,1,0
100017920,0,2814854,2766882,26.74,100,1,0
100018450,0,2815445,2758867,26.75,100,1,0
100018450,0,2815445,2758957,26.75,100,1,0
100018450,0,2815445,2766639,26.75,100,1,0
100018450,0,2815445,2783159,26.75,100,1,0
100018500,0,2815503,2783159,26.75,100,1,0
100020100,0,2815503,2817139,26.75,600,2,0
100022540,0,2815633,2819681,26.74,100,2,0
100022540,0,2815638,2819681,26.74,100,2,0
100023390,0,2815642,2820716,26.74,100,2,0
100024060,0,2815418,2821501,26.73,1000,2,0
100026670,0,2824333,2821871,26.74,100,1,0
100026670,0,2824333,2821872,26.74,100,1,0
100026670,0,2824333,2821882,26.74,100,1,0
100026670,0,2824333,2821929,26.74,100,1,0
100026670,0,2824333,2821935,26.74,100,1,0
100026670,0,2824333,2821985,26.74,200,1,0
100026670,0,2824333,2821987,26.74,100,1,0
100026670,0,2824333,2824013,26.74,1200,1,0
100029040,0,2826600,2824013,26.74,100,1,0
100029040,0,2826600,2817139,26.75,1300,1,0
100029040,0,2826600,2821813,26.75,200,1,0
100029040,0,2826600,2824844,26.75,500,1,0
100029110,0,2826661,2750955,26.76,100,1,0
100029340,0,2826600,2827017,26.75,100,2,0
100030710,0,2826600,2828530,26.75,300,2,0
100031570,0,2826600,2829470,26.75,100,2,0
100032420,0,2826600,2830390,26.75,200,2,0
100033180,0,2826600,2831113,26.75,100,2,0
100033370,0,2826600,2831294,26.75,100,2,0
100036480,0,2834397,2832766,26.75,1000,1,0
100038590,0,2836413,2836125,26.74,400,1,0
100041220,0,2815418,2839131,26.73,100,2,0
100041220,0,2821290,2839131,26.73,100,2,0
100041220,0,2824451,2839131,26.73,400,2,0
100043940,0,2840095,2841684,26.74,100,2,0
100044030,0,2840095,2841729,26.74,100,2,0
100044220,0,2841904,2832766,26.75,700,1,0
100044220,0,2841904,2833044,26.75,100,1,0
100045340,0,2841904,2842811,26.75,100,2,0
100046580,0,2840095,2844111,26.74,300,2,0
100051230,0,2848694,2843064,26.75,1200,1,0
100111930,0,2857200,2870043,26.74,400,2,0
100113180,0,2871313,2870279,26.74,300,1,0
100114230,0,2872390,2870279,26.74,100,1,0
100115610,0,2873507,2873800,26.74,200,2,0
100115840,0,2874018,2851169,26.75,100,1,0
100116950,0,2875076,2874039,26.74,400,1,0
100117400,0,2824451,2875579,26.73,300,2,0
100117400,0,2825368,2875579,26.73,400,2,0
100117400,0,2829608,2875579,26.73,100,2,0
100117590,0,2829608,2875736,26.73,1500,2,0
100117590,0,2839950,2875736,26.73,100,2,0
100121590,0,2839950,2880153,26.73,700,2,0
100121590,0,2839978,2880153,26.73,100,2,0
100123140,0,2839978,2881651,26.73,100,2,0
100123150,0,2839978,2881665,26.73,100,2,0
100123160,0,2839978,2881666,26.73,100,2,0
100123160,0,2839978,2881668,26.73,200,2,0
100123160,0,2839978,2881673,26.73,100,2,0
100123960,0,2882540,2876086,26.74,1000,1,0
100125180,0,2882540,2883744,26.74,200,2,0
100125310,0,2882540,2883932,26.74,500,2,0
100126030,0,2882540,2884573,26.74,2000,2,0
100126140,0,2882540,2884663,26.74,100,2,0
100126170,0,2882540,2884687,26.74,100,2,0
100126360,0,2882540,2884825,26.74,100,2,0
100128210,0,2847902,2886387,26.73,200,2,0
100128210,0,2851453,2886387,26.73,700,2,0
100129380,0,2886887,2887405,26.74,100,2,0
100129380,0,2886887,2887407,26.74,300,2,0
100129870,0,2886887,2887911,26.74,200,2,0
100130240,0,2886887,2888331,26.74,200,2,0
100130470,0,2886887,2888618,26.74,100,2,0
100130760,0,2886887,2888835,26.74,100,2,0
100131000,0,2886887,2889033,26.74,600,2,0
100131000,0,2877194,2889033,26.73,100,2,0
100132150,0,2890075,2889479,26.74,100,1,0
100134280,0,2892044,2889479,26.74,300,1,0
100136780,0,2894062,2889479,26.74,300,1,0
100136780,0,2894062,2890343,26.74,1000,1,0
100136780,0,2894062,2892807,26.74,100,1,0
100136780,0,2894062,2893632,26.74,300,1,0
100136780,0,2894062,2854497,26.75,4800,1,0
100139780,0,2896364,2896861,26.74,200,2,0
100141090,0,2898066,2896861,26.74,100,1,0
100148970,0,2877194,2905154,26.73,100,2,0
100149600,0,2877194,2905675,26.73,2700,2,0
100159500,0,2914271,2908248,26.73,800,1,0
100203300,0,2917897,2908248,26.73,900,1,0
100203300,0,2917897,2909767,26.73,4000,1,0
100203300,0,2917897,2910092,26.73,2600,1,0
100207060,0,2814003,2921315,26.72,200,2,0
100209580,0,2923676,2910092,26.73,1400,1,0
100223170,0,2836497,2935029,26.72,3600,2,0
100223170,0,2836497,2935030,26.72,1900,2,0
100225120,0,2836497,2936378,26.72,100,2,0
100233250,0,2937533,2942825,26.72,900,2,0
100235680,0,2944965,2942987,26.72,100,1,0
100238440,0,2944965,2947140,26.72,200,2,0
100239560,0,2944965,2948076,26.72,200,2,0
100240610,0,2948585,2949037,26.72,400,2,0
100240900,0,2810283,2949231,26.71,200,2,0
100240900,0,2811349,2949231,26.71,600,2,0
100241480,0,2949413,2949703,26.72,100,2,0
100241860,0,2829609,2950027,26.71,700,2,0
100241860,0,2833932,2950027,26.71,700,2,0
100243380,0,2833932,2951343,26.71,200,2,0
100246140,0,2954897,2950834,26.72,100,1,0
100247020,0,2833932,2956000,26.71,200,2,0
100247050,0,2956039,2951702,26.72,1500,1,0
100247050,0,2956039,2952003,26.72,900,1,0
100247050,0,2956039,2952562,26.72,800,1,0
100247050,0,2956039,2953401,26.72,300,1,0
100247050,0,2956039,2953951,26.72,400,1,0
100247050,0,2956039,2954815,26.72,1200,1,0
100247050,0,2956039,2955349,26.72,600,1,0
100249010,0,2956039,2958397,26.72,100,2,0
100249510,0,2959003,2919684,26.73,100,1,0
100249510,0,2959003,2921598,26.73,1500,1,0
100252630,0,2956039,2962150,26.72,100,2,0
100257900,0,2833932,2966360,26.71,1500,2,0
100304040,0,2833932,2971699,26.71,400,2,0
100308070,0,2839883,2975343,26.71,1000,2,0
100310990,0,2841497,2977847,26.71,300,2,0
100311010,0,2841497,2977869,26.71,400,2,0
100311010,0,2852860,2977869,26.71,100,2,0
100311010,0,2854808,2977869,26.71,100,2,0
100311020,0,2854808,2977873,26.71,100,2,0
100311020,0,2858204,2977873,26.71,300,2,0
100311020,0,2858204,2977877,26.71,300,2,0
100311020,0,2858378,2977877,26.71,200,2,0
100311310,0,2858378,2978082,26.71,1800,2,0
100311310,0,2934504,2978082,26.71,200,2,0
100315210,0,2972658,2981167,26.71,300,2,0
100315750,0,2764537,2981573,26.7,100,2,0
100321730,0,2986966,2981167,26.71,1000,1,0
100327600,0,2764537,2991819,26.7,357,2,0
100327600,0,2790312,2991819,26.7,500,2,0
100329520,0,2812399,2993582,26.7,1000,2,0
100329700,0,2993717,2981167,26.71,300,1,0
100335520,0,2812399,2998465,26.7,22557,2,0
100335520,0,2854518,2998465,26.7,1100,2,0
100338280,0,2894895,3000701,26.7,243,2,0
100338280,0,2897092,3000706,26.7,100,2,0
100338280,0,2897092,3000711,26.7,57,2,0
100338280,0,2935569,3000712,26.7,43,2,0
100338280,0,2940822,3000715,26.7,200,2,0
100338280,0,2940822,3000718,26.7,200,2,0
100338280,0,2981319,3000721,26.7,200,2,0
100341320,0,2444200,3003311,26.69,100,2,0
100343050,0,2447010,3004775,26.69,100,2,0
100343410,0,3005129,3000723,26.7,43,1,0
100343410,0,3005129,3000724,26.7,300,1,0
100343410,0,3005129,3000725,26.7,200,1,0
100343410,0,3005129,3000726,26.7,457,1,0
100343600,0,3005300,3000728,26.7,157,1,0
100344580,0,2447010,3006409,26.69,200,2,0
100344730,0,3006621,3000728,26.7,200,1,0
100346750,0,3008792,3000729,26.7,100,1,0
100347830,0,3009911,3000729,26.7,43,1,0
100347830,0,3009911,3000730,26.7,57,1,0
100347930,0,3010027,3000730,26.7,200,1,0
100347950,0,3010052,3000730,26.7,43,1,0
100347950,0,3010053,3000731,26.7,100,1,0
100348000,0,3010101,3000732,26.7,100,1,0
100348000,0,3010106,3000732,26.7,43,1,0
100348000,0,3010106,3000733,26.7,57,1,0
100348080,0,3010169,3000733,26.7,100,1,0
100348080,0,3010170,3000733,26.7,200,1,0
100348080,0,3010171,3000733,26.7,43,1,0
100348080,0,3010171,3000734,26.7,257,1,0
100348080,0,3010172,3000734,26.7,43,1,0
100348080,0,3010172,3000735,26.7,157,1,0
100348080,0,3010173,3000735,26.7,143,1,0
100348080,0,3010173,3000736,26.7,157,1,0
100348080,0,3010174,3000736,26.7,243,1,0
100348080,0,3010174,3000737,26.7,57,1,0
100350360,0,2447010,3012618,26.69,100,2,0
100350360,0,2457309,3012618,26.69,100,2,0
100350360,0,2702071,3012618,26.69,1400,2,0
100350640,0,3012916,3000739,26.7,257,1,0
100351310,0,3013686,3000739,26.7,143,1,0
100351310,0,3013686,3000740,26.7,400,1,0
100351310,0,3013686,3000741,26.7,200,1,0
100351310,0,3013686,3000742,26.7,200,1,0
100351310,0,3013686,3000743,26.7,200,1,0
100351310,0,3013686,3000744,26.7,157,1,0
100351370,0,3013741,3000744,26.7,43,1,0
100351370,0,3013741,3000781,26.7,200,1,0
100351370,0,3013741,3001856,26.7,1000,1,0
100352060,0,3014497,2981167,26.71,100,1,0
100353060,0,3015569,2981167,26.71,5500,1,0
100353060,0,3015569,2982688,26.71,400,1,0
100353060,0,3015569,2990058,26.71,100,1,0
100353060,0,3015569,2993761,26.71,100,1,0
100353060,0,3015569,3009142,26.71,200,1,0
100356920,0,3016002,3019589,26.72,1000,2,0
100359390,0,3016489,3021863,26.72,100,2,0
100401490,0,3024160,2926120,26.73,400,1,0
100401630,0,3024319,2926120,26.73,100,1,0
100401630,0,3024319,2945564,26.73,300,1,0
100401630,0,3024319,2951314,26.73,200,1,0
100405410,0,3028813,2896861,26.74,200,1,0
100405950,0,3029318,3022242,26.74,500,1,0
100406160,0,3029550,3022242,26.74,300,1,0
100406160,0,3029552,3022242,26.74,200,1,0
100406450,0,3029887,2854967,26.75,100,1,0
100406450,0,3029887,2968640,26.75,100,1,0
100406530,0,3029967,2968640,26.75,100,1,0
100406960,0,3030390,2750955,26.76,200,1,0
100406960,0,3030393,2755127,26.76,100,1,0
100406960,0,3030393,2831657,26.76,100,1,0
100407840,0,3031520,2901737,26.76,100,1,0
100407860,0,3031532,2901737,26.76,97,1,0
100418280,0,3042477,2842348,26.77,400,1,0
100424950,0,3048280,3002510,26.77,100,1,0
100424950,0,3048281,3002510,26.77,100,1,0
100425430,0,3048650,3002510,26.77,100,1,0
100425710,0,3048998,2751607,26.78,100,1,0
100425710,0,3049000,2877512,26.78,100,1,0
100425710,0,3049002,2877512,26.78,200,1,0
100425710,0,3049002,2942478,26.78,2100,1,0
100425710,0,3049003,2942478,26.78,100,1,0
100425970,0,3049299,2942478,26.78,400,1,0
100426630,0,3048874,3049982,26.77,100,2,0
100426630,0,3049857,3049982,26.77,900,2,0
100426860,0,3050178,3021330,26.78,400,1,0
100426860,0,3050179,3049458,26.78,400,1,0
100426900,0,3050246,3049458,26.78,100,1,0
100427320,0,3050702,2742521,26.79,100,1,0
100429580,0,3050448,3052786,26.78,300,2,0
100432420,0,3056043,2742521,26.79,2600,1,0
100432420,0,3056043,2744878,26.79,300,1,0
100432420,0,3056043,2752583,26.79,400,1,0
100432420,0,3056043,2761128,26.79,400,1,0
100432420,0,3056043,2761167,26.79,500,1,0
100432420,0,3056043,2845126,26.79,400,1,0
100432420,0,3056043,2863093,26.79,500,1,0
100432420,0,3056043,3031966,26.79,1000,1,0
100432420,0,3056043,3047162,26.79,200,1,0
100432420,0,3056043,3048475,26.79,100,1,0
100432420,0,3056043,3052462,26.79,500,1,0
100432470,0,3056146,3052462,26.79,500,1,0
100432700,0,3056146,3056433,26.79,500,2,0
100432920,0,3056657,2714184,26.8,200,1,0
100432920,0,3056662,2714184,26.8,200,1,0
100432920,0,3056663,2714184,26.8,200,1,0
100432920,0,3056665,2714184,26.8,100,1,0
100432920,0,3056665,2716569,26.8,100,1,0
100432920,0,3056665,2718544,26.8,100,1,0
100432920,0,3056666,2718544,26.8,100,1,0
100432920,0,3056667,2718544,26.8,200,1,0
100432920,0,3056670,2718544,26.8,100,1,0
100434200,0,3056150,3058115,26.79,800,2,0
100434200,0,3056240,3058115,26.79,100,2,0
100434200,0,3056241,3058115,26.79,100,2,0
100434660,0,3056241,3058519,26.79,100,2,0
100434660,0,3056341,3058519,26.79,100,2,0
100434860,0,3050940,3058699,26.78,600,2,0
100436240,0,3060196,2718544,26.8,1500,1,0
100436240,0,3060196,2726214,26.8,100,1,0
100436240,0,3060196,2755830,26.8,1000,1,0
100436240,0,3060196,2792681,26.8,300,1,0
100437080,0,3060964,2792681,26.8,100,1,0
100439400,0,3060264,3063020,26.79,100,2,0
100439400,0,3060498,3063020,26.79,100,2,0
100440590,0,3060498,3064158,26.79,300,2,0
100441100,0,3060498,3064650,26.79,500,2,0
100441820,0,3060498,3065368,26.79,300,2,0
100441820,0,3061102,3065368,26.79,100,2,0
100443800,0,3067202,3066785,26.79,200,1,0
100444050,0,3067516,3066785,26.79,300,1,0
100447250,0,3070518,3070092,26.79,200,1,0
100449660,0,3072593,3070092,26.79,1000,1,0
100454960,0,3077197,3070092,26.79,500,1,0
100454960,0,3077197,3070228,26.79,100,1,0
100454960,0,3077197,3070932,26.79,100,1,0
100454960,0,3077197,3072713,26.79,100,1,0
100455800,0,3077814,2829196,26.8,2500,1,0
100455800,0,3077814,2847465,26.8,700,1,0
100456910,0,3078380,3078862,26.79,800,2,0
100458190,0,3054230,3080115,26.78,100,2,0
100500330,0,3082347,3081526,26.79,600,1,0
100504890,0,3084027,3087190,26.79,400,2,0
100505900,0,3085895,3088276,26.79,1200,2,0
100507840,0,3090707,2847465,26.8,300,1,0
100507840,0,3090707,2865035,26.8,200,1,0
100507840,0,3090707,2877123,26.8,500,1,0
100508230,0,3085895,3091141,26.79,600,2,0
100508230,0,3087525,3091141,26.79,400,2,0
100512080,0,3087525,3095245,26.79,100,2,0
100512450,0,3087702,3095632,26.79,300,2,0
100514390,0,3097474,2877123,26.8,800,1,0
100514390,0,3097474,2900597,26.8,400,1,0
100515450,0,3098491,2900597,26.8,1000,1,0
100515670,0,3098671,2900597,26.8,1000,1,0
100515900,0,3098898,2900597,26.8,500,1,0
100515900,0,3098899,2900597,26.8,600,1,0
100515910,0,3098906,2900597,26.8,1500,1,0
100515910,0,3098906,2927422,26.8,500,1,0
100515910,0,3098906,2936797,26.8,100,1,0
100515910,0,3098907,2936797,26.8,300,1,0
100515910,0,3098907,3063408,26.8,500,1,0
100515910,0,3098907,3070385,26.8,1400,1,0
100515910,0,3098910,3070385,26.8,400,1,0
100515910,0,3098911,3070385,26.8,600,1,0
100515910,0,3098912,3070385,26.8,600,1,0
100515910,0,3098913,3070385,26.8,700,1,0
100516250,0,3099262,3070385,26.8,100,1,0
100516250,0,3099262,3072959,26.8,200,1,0
100516320,0,3099318,3072959,26.8,100,1,0
100516550,0,3099502,3072959,26.8,100,1,0
100519810,0,3102376,3072959,26.8,400,1,0
100519810,0,3102376,3087005,26.8,100,1,0
100521300,0,3103725,3090568,26.8,600,1,0
100522020,0,3104357,3090568,26.8,300,1,0
100523120,0,3090640,3105333,26.79,600,2,0
100523120,0,3092390,3105333,26.79,100,2,0
100523120,0,3095663,3105333,26.79,200,2,0
100523120,0,3100099,3105333,26.79,300,2,0
100526730,0,3108459,3105333,26.79,400,1,0
100526730,0,3108459,3106037,26.79,200,1,0
100526730,0,3108459,3108162,26.79,800,1,0
100528790,0,3108459,3109958,26.79,2700,2,0
100528790,0,3109816,3109958,26.79,400,2,0
100529140,0,3110195,3109958,26.79,200,1,0
100529290,0,3110314,3109958,26.79,900,1,0
100530590,0,3111427,3109958,26.79,200,1,0
100530590,0,3111427,3090568,26.8,100,1,0
100530590,0,3111427,3091078,26.8,100,1,0
100531010,0,3057767,3111872,26.78,100,2,0
100531430,0,3057767,3112208,26.78,600,2,0
100532850,0,3057767,3113623,26.78,200,2,0
100532850,0,3062588,3113623,26.78,300,2,0
100537070,0,3117818,3092824,26.8,500,1,0
100537070,0,3117818,3094335,26.8,1300,1,0
100537570,0,3118296,3094335,26.8,100,1,0
100543490,0,3123721,3094335,26.8,300,1,0
100545590,0,3062588,3125915,26.78,900,2,0
100546500,0,3062588,3126805,26.78,600,2,0
100546930,0,3127178,3126682,26.79,100,1,0
100547210,0,3127445,3126682,26.79,100,1,0
100549130,0,3129355,3126682,26.79,300,1,0
100549130,0,3062588,3129361,26.78,500,2,0
100550640,0,3062588,3131016,26.78,200,2,0
100551020,0,3131378,3126682,26.79,1000,1,0
100551310,0,3062588,3131725,26.78,200,2,0
100554000,0,3062588,3134383,26.78,100,2,0
100554160,0,3134502,3129882,26.79,500,1,0
100556010,0,3136355,3129882,26.79,200,1,0
100558160,0,3062588,3138401,26.78,100,2,0
100559440,0,3139859,3131268,26.79,200,1,0
100559890,0,3140105,3140279,26.79,200,2,0
100601030,0,3141796,3094335,26.8,500,1,0
100601030,0,3141796,3101794,26.8,100,1,0
100601030,0,3141796,3101836,26.8,500,1,0
100601030,0,3141796,3106536,26.8,500,1,0
100601030,0,3141796,3124197,26.8,500,1,0
100601030,0,3141796,3124584,26.8,800,1,0
100601030,0,3141796,3124675,26.8,500,1,0
100601030,0,3141796,3127854,26.8,500,1,0
100601030,0,3141796,3127911,26.8,300,1,0
100601030,0,3141796,3128606,26.8,500,1,0
100601030,0,3141796,3129499,26.8,2200,1,0
100601340,0,3142156,3129499,26.8,100,1,0
100601510,0,3142380,3129499,26.8,100,1,0
100601510,0,3142396,3129499,26.8,3600,1,0
100601510,0,3142396,3129878,26.8,100,1,0
100601510,0,3142396,3132798,26.8,700,1,0
100601510,0,3142397,3132798,26.8,300,1,0
100601510,0,3142397,3137741,26.8,100,1,0
100602350,0,3143319,2704219,26.81,100,1,0
100603810,0,3144754,2704219,26.81,200,1,0
100604520,0,3145545,2704219,26.81,200,1,0
100604520,0,3145557,2704219,26.81,100,1,0
100604530,0,3145560,2704219,26.81,100,1,0
100604530,0,3145566,2704219,26.81,2000,1,0
100604730,0,3142434,3145802,26.8,300,2,0
100604790,0,3145627,3145874,26.8,100,2,0
100604790,0,3141375,3145874,26.79,400,2,0
100604850,0,3145940,2704219,26.81,300,1,0
100605150,0,3146335,2717768,26.81,200,1,0
100605450,0,3146203,3146687,26.8,400,2,0
100605660,0,3146879,3146687,26.8,100,1,0
100606640,0,3147259,3147860,26.81,100,2,0
100606640,0,3147260,3147860,26.81,100,2,0
100606640,0,3146890,3147860,26.8,100,2,0
100610660,0,3151857,2698002,26.82,200,1,0
100610950,0,3149625,3152134,26.81,700,2,0
100612870,0,3154264,2716636,26.82,300,1,0
100612870,0,3154264,2724676,26.82,400,1,0
100612870,0,3154264,2739268,26.82,100,1,0
100613820,0,3149625,3155241,26.81,600,2,0
100614190,0,3155595,3155241,26.81,400,1,0
100616380,0,3157683,3155241,26.81,2700,1,0
100616640,0,3150055,3157922,26.8,1500,2,0
100617480,0,3158688,3155241,26.81,100,1,0
100620350,0,3161278,3160569,26.81,200,1,0
100620780,0,3161278,3161769,26.81,200,2,0
100623070,0,3161278,3164303,26.81,600,2,0
100623070,0,3161487,3164303,26.81,300,2,0
100623070,0,3163762,3164303,26.81,200,2,0
100623070,0,3150055,3164303,26.8,2900,2,0
100623070,0,3155796,3164303,26.8,300,2,0
100623070,0,3158941,3164303,26.8,700,2,0
100623570,0,3164876,3109335,26.82,400,1,0
100624350,0,3165650,3109335,26.82,1000,1,0
100624970,0,3166331,3109335,26.82,200,1,0
100625160,0,3166502,3109335,26.82,200,1,0
100625470,0,3166807,3109335,26.82,200,1,0
100625900,0,3167228,3109335,26.82,100,1,0
100626220,0,3167522,3109335,26.82,200,1,0
100626420,0,3166878,3167711,26.81,400,2,0
100626470,0,3167746,3109335,26.82,200,1,0
100626720,0,3167976,3109335,26.82,200,1,0
100626960,0,3168186,3109335,26.82,200,1,0
100627080,0,3168271,3109335,26.82,200,1,0
100627110,0,3166878,3168326,26.81,100,2,0
100627230,0,3168405,3109335,26.82,200,1,0
100628200,0,3169217,3109335,26.82,700,1,0
100628470,0,3169520,3120547,26.82,300,1,0
100628470,0,3169520,3158002,26.82,300,1,0
100629900,0,3166878,3170702,26.81,200,2,0
100631970,0,3166878,3172600,26.81,200,2,0
100635480,0,3175657,2678216,26.83,100,1,0
100636980,0,3176936,2680558,26.83,1000,1,0
100636980,0,3176937,2680558,26.83,700,1,0
100636980,0,3176937,2685333,26.83,300,1,0
100636980,0,3176937,2687326,26.83,200,1,0
100636980,0,3176937,2694672,26.83,400,1,0
100637160,0,3175467,3177098,26.82,100,2,0
100637160,0,3175779,3177098,26.82,400,2,0
100637930,0,3175779,3177810,26.82,100,2,0
100638150,0,3175779,3178014,26.82,300,2,0
100638430,0,3175779,3178266,26.82,100,2,0
100638710,0,3178482,2737275,26.83,200,1,0
100639180,0,3175779,3178850,26.82,1600,2,0
100640520,0,3176050,3180040,26.82,200,2,0
100640520,0,3179362,3180040,26.82,400,2,0
100640720,0,3180190,3180040,26.82,200,1,0
100640880,0,3180315,3180040,26.82,7700,1,0
100640880,0,3180315,3180155,26.82,1900,1,0
100640880,0,3180315,3084476,26.83,400,1,0
100640880,0,3180315,3142766,26.83,100,1,0
100640880,0,3180315,3153080,26.83,1000,1,0
100640880,0,3180315,3154821,26.83,1100,1,0
100641510,0,3166878,3180818,26.81,300,2,0
100641570,0,3180857,3154821,26.83,1200,1,0
100641670,0,3180919,3180932,26.82,200,2,0
100642260,0,3180919,3181369,26.82,500,2,0
100642950,0,3180919,3181918,26.82,3100,2,0
100642950,0,3181256,3181918,26.82,100,2,0
100643220,0,3182136,3181918,26.82,400,1,0
100643580,0,3166878,3182399,26.81,200,2,0
100645200,0,3183834,3154821,26.83,100,1,0
100645260,0,3183863,3154821,26.83,800,1,0
100645860,0,3166878,3184380,26.81,500,2,0
100646520,0,3166878,3184903,26.81,300,2,0
100647200,0,3166878,3185489,26.81,300,2,0
100647470,0,3185709,3184732,26.82,200,1,0
100647470,0,3185709,3184809,26.82,300,1,0
100647770,0,3166878,3185929,26.81,100,2,0
100648900,0,3186940,3184809,26.82,700,1,0
100648900,0,3186940,3184850,26.82,1100,1,0
100648900,0,3186940,3185238,26.82,900,1,0
100648900,0,3186940,3186171,26.82,1200,1,0
100648900,0,3186940,3186357,26.82,700,1,0
100648900,0,3186940,3186714,26.82,1200,1,0
100648900,0,3186940,3154821,26.83,1300,1,0
100648970,0,3166878,3187011,26.81,100,2,0
100649270,0,3166878,3187292,26.81,200,2,0
100651780,0,3166878,3189501,26.81,200,2,0
100652440,0,3189644,3190063,26.82,1000,2,0
100653540,0,3189644,3190976,26.82,300,2,0
100654550,0,3189644,3192042,26.82,500,2,0
100658910,0,3195738,3154821,26.83,600,1,0
100700780,0,3189644,3197359,26.82,200,2,0
100702120,0,3198529,3154821,26.83,200,1,0
100702120,0,3198535,3154821,26.83,200,1,0
100702140,0,3198558,3154821,26.83,300,1,0
100702140,0,3198559,3154821,26.83,400,1,0
100702190,0,3198635,3154821,26.83,1000,1,0
100702530,0,3198972,3154821,26.83,100,1,0
100702770,0,3199240,3154821,26.83,200,1,0
100703070,0,3199550,3154821,26.83,100,1,0
100703470,0,3200022,3154821,26.83,1200,1,0
100703920,0,3200484,3154821,26.83,500,1,0
100703980,0,3200537,3154821,26.83,100,1,0
100704080,0,3200663,3154821,26.83,1200,1,0
100704130,0,3200744,3154821,26.83,1300,1,0
100704440,0,3201134,3154821,26.83,300,1,0
100704490,0,3201245,3154821,26.83,300,1,0
100704500,0,3201254,3154821,26.83,100,1,0
100704770,0,3201604,3154821,26.83,300,1,0
100704840,0,3201671,3168962,26.83,100,1,0
100704840,0,3201671,3176834,26.83,500,1,0
100704840,0,3201671,3179470,26.83,100,1,0
100704850,0,3201680,3183104,26.83,100,1,0
100705440,0,3202619,2669209,26.84,200,1,0
100705500,0,3202774,2669759,26.84,200,1,0
100705500,0,3202774,2672519,26.84,300,1,0
100705530,0,3202807,2672519,26.84,700,1,0
100705530,0,3202807,2674368,26.84,100,1,0
100705670,0,3202971,2674368,26.84,200,1,0
100705930,0,3203357,2678901,26.84,3800,1,0
100706320,0,3203926,2678901,26.84,100,1,0
100706560,0,3204227,2678901,26.84,100,1,0
100707510,0,3205585,2678901,26.84,100,1,0
100707540,0,3205599,2702098,26.84,300,1,0
100707540,0,3205599,2721787,26.84,300,1,0
100707540,0,3205600,3169667,26.84,1000,1,0
100707630,0,3205708,2654250,26.85,200,1,0
100707630,0,3205708,2656219,26.85,1000,1,0
100707630,0,3205709,2658520,26.85,200,1,0
100710920,0,3209380,2658520,26.85,3300,1,0
100710920,0,3209380,2659296,26.85,400,1,0
100710920,0,3209380,2659302,26.85,500,1,0
100710920,0,3209380,2661189,26.85,500,1,0
100710920,0,3209380,2662022,26.85,200,1,0
100711720,0,3206851,3210336,26.84,200,2,0
100712700,0,3211386,2663817,26.85,800,1,0
100713190,0,3211888,2669345,26.85,1200,1,0
100713320,0,3212005,2669345,26.85,3300,1,0
100713490,0,3212160,2669345,26.85,100,1,0
100713490,0,3212168,2669345,26.85,100,1,0
100713650,0,3212337,2669345,26.85,4600,1,0
100713750,0,3212428,2669502,26.85,200,1,0
100713870,0,3212550,2669502,26.85,400,1,0
100713900,0,3212573,2669808,26.85,500,1,0
100713900,0,3212573,2681516,26.85,1700,1,0
100714000,0,3212687,2681516,26.85,500,1,0
100714170,0,3212916,2681516,26.85,1300,1,0
100714170,0,3212916,2695601,26.85,100,1,0
100714170,0,3212916,2697164,26.85,1000,1,0
100714170,0,3212916,2697294,26.85,1000,1,0
100714170,0,3212916,2705529,26.85,300,1,0
100714170,0,3212916,2710023,26.85,1800,1,0
100714350,0,3213125,2710023,26.85,400,1,0
100714380,0,3213179,2710023,26.85,100,1,0
100714390,0,3213199,2710023,26.85,300,1,0
100714490,0,3213299,2710023,26.85,2400,1,0
100714490,0,3213299,2717165,26.85,1000,1,0
100714490,0,3213299,2722449,26.85,200,1,0
100714490,0,3213299,2751556,26.85,500,1,0
100714490,0,3213299,2756835,26.85,3000,1,0
100714490,0,3213299,2765798,26.85,1300,1,0
100714490,0,3213299,2770126,26.85,1500,1,0
100714490,0,3213299,2772513,26.85,1000,1,0
100714490,0,3213299,2837700,26.85,400,1,0
100714490,0,3213299,2988128,26.85,100,1,0
100714490,0,3213299,3092577,26.85,500,1,0
100714490,0,3213299,3178747,26.85,500,1,0
100714490,0,3213299,3190295,26.85,500,1,0
100714490,0,3213299,3199129,26.85,3500,1,0
100714770,0,3213299,3213564,26.85,500,2,0
100716070,0,3213299,3214785,26.85,600,2,0
100716190,0,3213299,3214928,26.85,1000,2,0
100716190,0,3214937,2647685,26.86,300,1,0
100716190,0,3214937,2650771,26.86,200,1,0
100716310,0,3213299,3215051,26.85,100,2,0
100716810,0,3213299,3215496,26.85,1000,2,0
100717010,0,3213299,3215662,26.85,300,2,0
100719960,0,3213825,3218100,26.85,100,2,0
100719960,0,3213880,3218100,26.85,100,2,0
100719960,0,3215305,3218100,26.85,100,2,0
100719960,0,3216534,3218100,26.85,200,2,0
100720350,0,3216534,3218445,26.85,100,2,0
100720880,0,3217126,3218899,26.85,800,2,0
100721160,0,3219125,3218899,26.85,200,1,0
100721160,0,3219125,3219043,26.85,1300,1,0
100721160,0,3219125,2650771,26.86,9000,1,0
100721160,0,3219125,2655653,26.86,500,1,0
100721160,0,3219125,2694255,26.86,18000,1,0
100722160,0,3219945,2694255,26.86,4500,1,0
100722530,0,3220259,2742211,26.86,800,1,0
100722530,0,3220259,2787940,26.86,1000,1,0
100722530,0,3220259,2844389,26.86,300,1,0
100722530,0,3220259,2995791,26.86,100,1,0
100722530,0,3220259,3094244,26.86,800,1,0
100722530,0,3220260,3094244,26.86,200,1,0
100722530,0,3220260,3132898,26.86,200,1,0
100722530,0,3220260,3165940,26.86,500,1,0
100722530,0,3220260,3200878,26.86,300,1,0
100722610,0,3220313,3200878,26.86,100,1,0
100723210,0,3220772,3220830,26.86,400,2,0
100723320,0,3220911,3220830,26.86,100,1,0
100723320,0,3220911,2645424,26.87,500,1,0
100723320,0,3220911,2649911,26.87,100,1,0
100723730,0,3221248,3220970,26.86,500,1,0
100724090,0,3207680,3221518,26.84,300,2,0
100724410,0,3221756,3220970,26.86,100,1,0
100724780,0,3208679,3222078,26.84,100,2,0
100724780,0,3208961,3222078,26.84,100,2,0
100724780,0,3210638,3222078,26.84,100,2,0
100725450,0,3222678,3221941,26.85,100,1,0
100726090,0,3223277,3221941,26.85,1800,1,0
100726170,0,3223336,3221941,26.85,600,1,0
100727010,0,3223970,3220970,26.86,400,1,0
100727470,0,3223970,3224347,26.86,100,2,0
100727470,0,3224272,3224347,26.86,900,2,0
100727470,0,3223992,3224347,26.85,100,2,0
100728100,0,3224885,2654397,26.87,100,1,0
100728100,0,3224885,2689708,26.87,3000,1,0
100728990,0,3225642,2689708,26.87,2000,1,0
100729260,0,3225269,3225850,26.85,100,2,0
100729300,0,3225863,3225920,26.86,500,2,0
100729790,0,3225863,3226290,26.86,200,2,0
100730340,0,3225863,3226798,26.86,100,2,0
100730340,0,3226701,3226798,26.86,100,2,0
100730570,0,3226701,3227016,26.86,100,2,0
100730570,0,3226702,3227016,26.86,200,2,0
100730570,0,3227005,3227016,26.86,700,2,0
100730940,0,3227372,3227377,26.86,500,2,0
100732680,0,3228930,2689708,26.87,2000,1,0
100732680,0,3228930,2707601,26.87,300,1,0
100732680,0,3228930,2727223,26.87,200,1,0
100733720,0,3229991,2750778,26.87,1000,1,0
100733720,0,3229991,2767222,26.87,800,1,0
100733720,0,3229991,2773084,26.87,400,1,0
100733720,0,3229991,2776918,26.87,400,1,0
100734040,0,3230260,2902735,26.87,200,1,0
100734460,0,3228447,3230712,26.86,1000,2,0
100734860,0,3228447,3231026,26.86,800,2,0
100736280,0,3232199,2925688,26.87,100,1,0
100737050,0,3232846,2938506,26.87,300,1,0
100737310,0,3233075,2938506,26.87,400,1,0
100738570,0,3234100,2938506,26.87,100,1,0
100739290,0,3228447,3234681,26.86,300,2,0
100739290,0,3229091,3234681,26.86,200,2,0
100740320,0,3230814,3235528,26.86,100,2,0
100740320,0,3232028,3235528,26.86,100,2,0
100740320,0,3234442,3235528,26.86,2300,2,0
100740510,0,3234442,3235675,26.86,600,2,0
100741050,0,3236106,2938506,26.87,300,1,0
100742700,0,3237559,2983872,26.87,100,1,0
100743070,0,3237831,3097513,26.87,200,1,0
100745390,0,3239777,3220895,26.87,200,1,0
100745390,0,3239777,3230094,26.87,900,1,0
100745590,0,3239953,3230094,26.87,100,1,0
100745590,0,3239953,3231351,26.87,300,1,0
100745590,0,3239953,3232350,26.87,200,1,0
100745590,0,3239953,3234543,26.87,400,1,0
100746310,0,3240560,3234543,26.87,700,1,0
100746550,0,3240711,3239496,26.87,600,1,0
100746550,0,3240711,3239894,26.87,100,1,0
100747900,0,3241141,3241844,26.87,100,2,0
100748030,0,3241145,3241937,26.87,300,2,0
100748030,0,3241675,3241937,26.87,200,2,0
100748030,0,3241913,3241937,26.87,600,2,0
100748500,0,3242254,79386,26.88,1000,1,0
100748500,0,3242254,117564,26.88,500,1,0
100749000,0,3242715,136390,26.88,1500,1,0
100749000,0,3242715,139328,26.88,200,1,0
100749000,0,3242715,218309,26.88,100,1,0
100749000,0,3242715,610930,26.88,400,1,0
100749000,0,3242715,1489608,26.88,2000,1,0
100749000,0,3242715,1679224,26.88,100,1,0
100749000,0,3242715,1730511,26.88,300,1,0
100749000,0,3242715,2018638,26.88,1000,1,0
100749000,0,3242715,2068823,26.88,1100,1,0
100749000,0,3242715,2649267,26.88,1000,1,0
100749000,0,3242715,2661671,26.88,200,1,0
100749000,0,3242715,2665046,26.88,500,1,0
100749000,0,3242715,2669460,26.88,500,1,0
100749000,0,3242715,2674506,26.88,200,1,0
100750300,0,3242722,3244200,26.87,200,2,0
100750930,0,3244117,3244866,26.87,300,2,0
100751910,0,3245379,3245790,26.87,1000,2,0
100752020,0,3245910,2674506,26.88,2800,1,0
100752020,0,3245910,2719828,26.88,200,1,0
100752320,0,3245379,3246265,26.87,200,2,0
100752340,0,3246280,2780808,26.88,200,1,0
100753300,0,3247297,2786123,26.88,100,1,0
100755110,0,3248795,2786123,26.88,100,1,0
100755220,0,3248932,2786123,26.88,1000,1,0
100756060,0,3249491,3225029,26.88,100,1,0
100756060,0,3249491,3229024,26.88,100,1,0
100757430,0,3250578,3233593,26.88,600,1,0
100757430,0,3250578,3248567,26.88,900,1,0
100758180,0,3245379,3251170,26.87,100,2,0
100758200,0,3251175,3248567,26.88,200,1,0
100758200,0,3251175,3250073,26.88,200,1,0
100758200,0,3251175,3250097,26.88,100,1,0
100800010,0,3251175,3252649,26.88,1000,2,0
100800650,0,3251175,3253249,26.88,300,2,0
100802610,0,3251175,3254878,26.88,1000,2,0
100803640,0,3255701,102243,26.89,100,1,0
100804270,0,3256219,102243,26.89,100,1,0
100804380,0,3251175,3256302,26.88,300,2,0
100804840,0,3251175,3256706,26.88,700,2,0
100805340,0,3257191,165420,26.89,1000,1,0
100805340,0,3257191,209662,26.89,500,1,0
100805340,0,3257191,209729,26.89,300,1,0
100805770,0,3257602,1695063,26.89,100,1,0
100805770,0,3257602,2636749,26.89,500,1,0
100805770,0,3257602,2645403,26.89,1000,1,0
100805770,0,3257602,2935121,26.89,2000,1,0
100805770,0,3257602,3207970,26.89,1000,1,0
100805770,0,3257602,3234574,26.89,500,1,0
100805780,0,3257612,3240912,26.89,3000,1,0
100805930,0,3251175,3257756,26.88,300,2,0
100806190,0,3257987,3240912,26.89,200,1,0
100806570,0,3258337,3240912,26.89,2000,1,0
100806570,0,3258337,3254025,26.89,100,1,0
100806570,0,3258337,3256397,26.89,200,1,0
100806770,0,3258507,107974,26.9,100,1,0
100808200,0,3258337,3259760,26.89,1200,2,0
100808240,0,3258337,3259795,26.89,100,2,0
100808640,0,3258337,3260163,26.89,200,2,0
100809200,0,3258337,3260622,26.89,200,2,0
100809560,0,3258337,3261000,26.89,1000,2,0
100809830,0,3258337,3261214,26.89,11100,2,0
100809830,0,3258357,3261214,26.89,1100,2,0
100810570,0,3258700,3261881,26.89,300,2,0
100811330,0,3258700,3262688,26.89,800,2,0
100811330,0,3258731,3262688,26.89,1200,2,0
100811330,0,3258848,3262688,26.89,100,2,0
100811330,0,3259318,3262688,26.89,800,2,0
100811330,0,3260207,3262688,26.89,300,2,0
100811330,0,3261181,3262688,26.89,800,2,0
100811410,0,3262762,163090,26.9,200,1,0
100811410,0,3262762,247173,26.9,100,1,0
100811540,0,3261602,3262867,26.89,300,2,0
100814070,0,3264933,247173,26.9,1100,1,0
100814070,0,3264933,275728,26.9,600,1,0
100814720,0,3265627,275728,26.9,100,1,0
100815540,0,3266341,425614,26.9,700,1,0
100815670,0,3266452,425614,26.9,300,1,0
100815670,0,3266452,907011,26.9,1000,1,0
100815670,0,3266452,973704,26.9,500,1,0
100815670,0,3266452,1051945,26.9,200,1,0
100815670,0,3266452,1123199,26.9,500,1,0
100815670,0,3266452,1199814,26.9,1000,1,0
100815670,0,3266452,1207641,26.9,200,1,0
100815670,0,3266452,1707487,26.9,100,1,0
100815670,0,3266452,1843636,26.9,200,1,0
100815670,0,3266452,1966068,26.9,1000,1,0
100816620,0,3267211,1966068,26.9,200,1,0
100817630,0,3261602,3268044,26.89,500,2,0
100817750,0,3268121,2486264,26.9,4400,1,0
100817920,0,3262625,3268278,26.89,300,2,0
100817920,0,3264987,3268278,26.89,400,2,0
100818300,0,3268599,3268278,26.89,15100,1,0
100818300,0,3268599,3268385,26.89,800,1,0
100818300,0,3268599,2486264,26.9,2100,1,0
100818300,0,3268599,2556412,26.9,3000,1,0
100818300,0,3268599,2628067,26.9,500,1,0
100818300,0,3268599,2644812,26.9,100,1,0
100818300,0,3268599,2653276,26.9,1000,1,0
100818300,0,3268599,2672469,26.9,500,1,0
100818300,0,3268599,2676629,26.9,100,1,0
100818300,0,3268599,2678752,26.9,3000,1,0
100818300,0,3268599,2685648,26.9,500,1,0
100818300,0,3268599,2687858,26.9,1000,1,0
100818300,0,3268599,2691443,26.9,500,1,0
100818300,0,3268599,2736465,26.9,1000,1,0
100818300,0,3268599,2737353,26.9,1000,1,0
100818300,0,3268599,2871167,26.9,100,1,0
100818300,0,3268599,3037334,26.9,400,1,0
100818300,0,3268599,3063115,26.9,100,1,0
100818300,0,3268599,3117973,26.9,100,1,0
100818300,0,3268599,3135988,26.9,300,1,0
100818300,0,3268599,3159898,26.9,3000,1,0
100818300,0,3268599,3226579,26.9,800,1,0
100818520,0,3253291,3268758,26.88,300,2,0
100818520,0,3259253,3268758,26.88,100,2,0
100818520,0,3265717,3268758,26.88,600,2,0
100819540,0,3269568,3269261,26.89,200,1,0
100819540,0,3269568,3248442,26.9,200,1,0
100820750,0,3270539,3270501,26.88,300,1,0
100820970,0,3270723,3270501,26.88,400,1,0
100820970,0,3270724,3270501,26.88,300,1,0
100821430,0,3271100,3270549,26.89,300,1,0
100821760,0,3271336,3270549,26.89,900,1,0
100821760,0,3271336,3271180,26.89,200,1,0
100821760,0,3271336,3249683,26.9,400,1,0
100821760,0,3271336,3249716,26.9,300,1,0
100823430,0,3272913,3249762,26.9,400,1,0
100823710,0,3273084,3249762,26.9,500,1,0
100823980,0,3272222,3273276,26.89,400,2,0
100824340,0,3273553,3259182,26.9,900,1,0
100824620,0,3273784,3259182,26.9,100,1,0
100824620,0,3273784,3263045,26.9,1000,1,0
100824620,0,3273784,3263300,26.9,2000,1,0
100824620,0,3273784,3264693,26.9,500,1,0
100824620,0,3273784,3265843,26.9,5000,1,0
100824620,0,3273784,3266849,26.9,100,1,0
100824620,0,3273784,3267084,26.9,1500,1,0
100824620,0,3273784,3269053,26.9,1000,1,0
100824620,0,3273784,3269629,26.9,300,1,0
100824620,0,3273784,3270318,26.9,1000,1,0
100824620,0,3273784,3272202,26.9,100,1,0
100824620,0,3273784,3272400,26.9,200,1,0
100824620,0,3273784,3272807,26.9,500,1,0
100824620,0,3273784,3273417,26.9,3000,1,0
100824620,0,3273784,3273448,26.9,500,1,0
100824620,0,3273784,3273519,26.9,100,1,0
100824750,0,3273873,3273519,26.9,100,1,0
100824750,0,3273874,3273519,26.9,500,1,0
100826060,0,3274901,3274886,26.89,100,1,0
100826120,0,3274901,3274955,26.9,1000,2,0
100826770,0,3274901,3275544,26.9,200,2,0
100826930,0,3275671,234541,26.91,3000,1,0
100827320,0,3274901,3276019,26.9,400,2,0
100827420,0,3274901,3276082,26.9,200,2,0
100827480,0,3274901,3276179,26.9,200,2,0
100827860,0,3275993,3276596,26.9,1000,2,0
100828750,0,3276498,3277337,26.9,1600,2,0
100828750,0,3276728,3277337,26.9,800,2,0
100828930,0,3275610,3277484,26.89,300,2,0
100829510,0,3275469,3278085,26.88,500,2,0
100829510,0,3275603,3278085,26.88,100,2,0
100829510,0,3277211,3278085,26.88,100,2,0
100829710,0,3278273,3277337,26.9,100,1,0
100829960,0,3277211,3278536,26.88,200,2,0
100830140,0,3277211,3278732,26.88,800,2,0
100830550,0,3279124,3277337,26.9,200,1,0
100830620,0,3277211,3279179,26.88,200,2,0
100830660,0,3279223,3277337,26.9,1700,1,0
100830880,0,3279444,3279237,26.89,100,1,0
100831050,0,3279580,3277337,26.9,700,1,0
100831500,0,3277211,3279954,26.88,500,2,0
100831510,0,3277211,3279980,26.88,100,2,0
100831510,0,3279946,3279980,26.88,600,2,0
100831650,0,3279950,3280108,26.88,2000,2,0
100831750,0,3280190,3277337,26.9,500,1,0
100831800,0,3280237,3277337,26.9,200,1,0
100831930,0,3246489,3280364,26.87,400,2,0
100831930,0,3247688,3280364,26.87,500,2,0
100831930,0,3248044,3280364,26.87,500,2,0
100832560,0,3280738,3280933,26.88,300,2,0
100832560,0,3248849,3280933,26.87,100,2,0
100832560,0,3249194,3280933,26.87,100,2,0
100832560,0,3250825,3280933,26.87,100,2,0
100832560,0,3255720,3280933,26.87,100,2,0
100832560,0,3262518,3280933,26.87,400,2,0
100832560,0,3265622,3280933,26.87,300,2,0
100832560,0,3270858,3280933,26.87,200,2,0
100832630,0,3270858,3281010,26.87,400,2,0
100832630,0,3270867,3281010,26.87,100,2,0
100832720,0,3270867,3281143,26.87,200,2,0
100832830,0,3270867,3281258,26.87,1000,2,0
100833140,0,3281548,3277337,26.9,300,1,0
100833370,0,3270867,3281810,26.87,500,2,0
100833370,0,3280587,3281810,26.87,300,2,0
100833500,0,3281953,3277337,26.9,1000,1,0
100834420,0,3282804,3277337,26.9,1000,1,0
100834440,0,3282769,3282831,26.88,500,2,0
100834530,0,3282917,3282869,26.88,500,1,0
100834900,0,3280587,3283312,26.87,800,2,0
100834920,0,3283343,3282877,26.88,400,1,0
100835050,0,3280587,3283448,26.87,300,2,0
100835950,0,3280587,3284425,26.87,300,2,0
100836330,0,3280587,3284825,26.87,1700,2,0
100836670,0,3280587,3285184,26.87,200,2,0
100836670,0,3284641,3285196,26.87,100,2,0
100836720,0,3285241,3283680,26.88,600,1,0
100836720,0,3285243,3283680,26.88,300,1,0
100836950,0,3285456,3285370,26.87,1600,1,0
100836950,0,3285457,3285420,26.87,200,1,0
100836950,0,3285457,3285423,26.87,200,1,0
100837460,0,3285821,3283736,26.88,100,1,0
100837790,0,3286153,3283736,26.88,100,1,0
100838250,0,3285588,3286565,26.87,100,2,0
100838250,0,3234442,3286565,26.86,700,2,0
100838670,0,3286789,3286971,26.88,300,2,0
100839150,0,3287467,3286998,26.88,1300,1,0
100839150,0,3287467,3287144,26.88,200,1,0
100839150,0,3287467,3287162,26.88,300,1,0
100839150,0,3287467,3287233,26.88,300,1,0
100839150,0,3287467,3287345,26.88,200,1,0
100839670,0,3287693,3287948,26.88,200,2,0
100839880,0,3288136,3283158,26.89,500,1,0
100839880,0,3288136,3277337,26.9,500,1,0
100840520,0,3287693,3288679,26.88,600,2,0
100840540,0,3288692,3288299,26.89,500,1,0
100840540,0,3288692,3277337,26.9,800,1,0
100841050,0,3287693,3289195,26.88,200,2,0
100841640,0,3287693,3289820,26.88,400,2,0
100842160,0,3290279,3289494,26.89,200,1,0
100842440,0,3290279,3290483,26.89,600,2,0
100842470,0,3290515,3277337,26.9,1800,1,0
100842600,0,3290279,3290619,26.89,1400,2,0
100842970,0,3290912,3290718,26.87,700,1,0
100843900,0,3291569,3290718,26.87,100,1,0
100844220,0,3291816,3291473,26.88,500,1,0
100844400,0,3291976,3291473,26.88,2700,1,0
100844880,0,3292448,3292149,26.88,100,1,0
100844910,0,3292485,3292149,26.88,100,1,0
100844910,0,3292485,3292179,26.88,400,1,0
100844910,0,3292485,3290619,26.89,1000,1,0
100844910,0,3292485,3290856,26.89,500,1,0
100845110,0,3292675,3291431,26.89,300,1,0
100846220,0,3293695,3292849,26.88,200,1,0
100846400,0,3293831,3292849,26.88,200,1,0
100846960,0,3294430,3294106,26.88,300,1,0
100847020,0,3294469,3294106,26.88,600,1,0
100847020,0,3294469,3294393,26.88,800,1,0
100847390,0,3294758,3291588,26.89,100,1,0
100847700,0,3295004,3291751,26.89,200,1,0
100847700,0,3295004,3292560,26.89,200,1,0
100847720,0,3295008,3292620,26.89,100,1,0
100847720,0,3295008,3294269,26.89,100,1,0
100847720,0,3295013,3294269,26.89,200,1,0
100847720,0,3295014,3294269,26.89,100,1,0
100847720,0,3295015,3294269,26.89,100,1,0
100847720,0,3295015,3294562,26.89,100,1,0
100847720,0,3295019,3294562,26.89,1000,1,0
100847890,0,3295124,3294964,26.89,100,1,0
100847900,0,3295128,3294964,26.89,100,1,0
100847970,0,3295178,3294964,26.89,200,1,0
100849680,0,3296507,3296071,26.87,500,1,0
100849800,0,3296698,3295690,26.88,800,1,0
100852130,0,3298459,3295365,26.89,300,1,0
100854360,0,3300458,3298843,26.87,500,1,0
100854780,0,3300806,3298843,26.87,500,1,0
100854780,0,3300806,3300393,26.87,100,1,0
100855450,0,3301317,3298977,26.88,400,1,0
100856080,0,3235579,3301834,26.86,100,2,0
100856610,0,3239725,3302275,26.86,100,2,0
100856670,0,3302315,3298977,26.88,600,1,0
100856670,0,3302315,3300635,26.88,1000,1,0
100856670,0,3302315,3300795,26.88,500,1,0
100856670,0,3302315,3301605,26.88,2700,1,0
100856670,0,3302315,3302220,26.88,800,1,0
100856670,0,3302315,3295663,26.89,300,1,0
100856670,0,3302315,3295983,26.89,900,1,0
100858290,0,3303670,3296782,26.89,300,1,0
100858310,0,3303695,3296782,26.89,700,1,0
100858310,0,3303695,3296844,26.89,300,1,0
100858340,0,3239725,3303723,26.86,100,2,0
100901520,0,3306442,3306100,26.88,100,1,0
100901520,0,3306442,3296844,26.89,100,1,0
100901690,0,3239725,3306605,26.86,1300,2,0
100901960,0,3239725,3306869,26.86,400,2,0
100901960,0,3239725,3306879,26.86,2600,2,0
100902550,0,3262853,3307451,26.86,200,2,0
100904410,0,3284178,3309086,26.86,500,2,0
100905330,0,3296509,3309955,26.86,100,2,0
100905690,0,3306822,3310296,26.86,2100,2,0
100907640,0,3227991,3312194,26.85,100,2,0
100910080,0,3219511,3314466,26.84,1800,2,0
100914390,0,3318869,3310296,26.86,500,1,0
100914390,0,3318870,3310296,26.86,300,1,0
100914410,0,3318878,3310296,26.86,200,1,0
100914470,0,3318962,3310296,26.86,200,1,0
100914470,0,3318963,3310296,26.86,200,1,0
100914630,0,3319082,3310296,26.86,1000,1,0
100915450,0,3319765,3310296,26.86,500,1,0
100915470,0,3208198,3319791,26.83,600,2,0
100915470,0,3209490,3319791,26.83,600,2,0
100917710,0,3320039,3321732,26.84,400,2,0
100917710,0,3209490,3321732,26.83,100,2,0
100917810,0,3209490,3321819,26.83,500,2,0
100920450,0,3296965,3324112,26.83,200,2,0
100920700,0,3324336,3322294,26.84,400,1,0
100920700,0,3324336,3322599,26.84,500,1,0
100922350,0,3314082,3325993,26.83,500,2,0
100922690,0,3314082,3326336,26.83,700,2,0
100925120,0,3189644,3328282,26.82,500,2,0
100926900,0,3329762,3327945,26.84,900,1,0
100927670,0,3329762,3330405,26.84,200,2,0
100928150,0,3329762,3330780,26.84,400,2,0
100933580,0,3335109,3335488,26.85,400,2,0
100933580,0,3329762,3335488,26.84,400,2,0
100937500,0,3338755,3310296,26.86,300,1,0
100937500,0,3338755,3311022,26.86,300,1,0
100937670,0,3338294,3338903,26.85,1000,2,0
100937670,0,3329762,3338903,26.84,300,2,0
100937670,0,3329762,3338906,26.84,600,2,0
100937940,0,3329762,3339137,26.84,300,2,0
100937980,0,3329762,3339171,26.84,700,2,0
100940960,0,3342127,3340574,26.85,500,1,0
100942980,0,3339805,3344097,26.84,400,2,0
100944260,0,3345120,3340574,26.85,4100,1,0
100944480,0,3345340,3340574,26.85,500,1,0
100945030,0,3345814,3340574,26.85,100,1,0
100946030,0,3346614,3342211,26.85,2000,1,0
100946980,0,3339805,3347431,26.84,200,2,0
100947890,0,3348119,3342212,26.85,200,1,0
100950260,0,3339805,3350185,26.84,500,2,0
100951400,0,3339805,3351225,26.84,300,2,0
100951400,0,3346738,3351225,26.84,100,2,0
100951420,0,3351238,3342212,26.85,300,1,0
100951680,0,3351617,3342212,26.85,300,1,0
100951680,0,3351617,3344512,26.85,900,1,0
100955320,0,3355004,3344512,26.85,1100,1,0
100955320,0,3355004,3346227,26.85,1400,1,0
100955320,0,3355004,3348524,26.85,300,1,0
100955320,0,3355004,3353488,26.85,200,1,0
100957550,0,3355004,3357177,26.85,100,2,0
100957660,0,3356758,3357280,26.85,2800,2,0
100957960,0,3356969,3357535,26.85,200,2,0
101000750,0,3356969,3360251,26.85,100,2,0
101000750,0,3359260,3360251,26.85,1000,2,0
101003200,0,3362802,3361800,26.85,1000,1,0
101003200,0,3362802,3354416,26.86,500,1,0
101007540,0,3367362,3313264,26.87,100,1,0
101008590,0,3362802,3368475,26.86,1500,2,0
101009880,0,3370178,3350707,26.87,1000,1,0
101011440,0,3372372,3314026,26.88,1000,1,0
101011440,0,3372372,3328940,26.88,400,1,0
101014910,0,3378327,3372480,26.87,1000,1,0
101015120,0,3378728,3372480,26.87,400,1,0
101015380,0,3362802,3379266,26.86,800,2,0
101015840,0,3362802,3380131,26.86,800,2,0
101016550,0,3381366,3380136,26.86,500,1,0
101018570,0,3384964,3380964,26.86,200,1,0
101018570,0,3384964,3381742,26.86,300,1,0
101019260,0,3385893,3381742,26.86,200,1,0
101020260,0,3370002,3387095,26.85,800,2,0
101020320,0,3387164,3382063,26.86,200,1,0
101020460,0,3387353,3382079,26.86,1600,1,0
101021430,0,3370002,3388347,26.85,800,2,0
101022490,0,3389626,3389660,26.86,400,2,0
101022660,0,3389626,3389834,26.86,200,2,0
101022660,0,3389626,3389835,26.86,100,2,0
101024080,0,3389626,3391333,26.86,400,2,0
101024080,0,3390511,3391333,26.86,400,2,0
101025990,0,3393078,3372480,26.87,1300,1,0
101027260,0,3394241,3393485,26.87,1000,1,0
101028530,0,3394962,3395516,26.87,500,2,0
101029210,0,3390511,3396173,26.86,1500,2,0
101030850,0,3397017,3397573,26.87,300,2,0
101032530,0,3399233,3397573,26.87,2000,1,0
101034670,0,3401097,3400706,26.87,1400,1,0
101034700,0,3401110,3400706,26.87,400,1,0
101035350,0,3401664,3400706,26.87,1000,1,0
101035720,0,3401980,3400706,26.87,300,1,0
101035720,0,3401980,3400817,26.87,500,1,0
101042040,0,3401980,3407049,26.87,300,2,0
101042460,0,3407358,3385029,26.88,3500,1,0
101042460,0,3407358,3400194,26.88,1800,1,0
101042460,0,3407358,3297035,26.89,1300,1,0
101045130,0,3409427,3408819,26.88,200,1,0
101048490,0,3412200,3408819,26.88,1000,1,0
101049280,0,3412808,3409297,26.88,500,1,0
101049510,0,3404736,3412967,26.87,100,2,0
101049510,0,3404736,3412968,26.87,100,2,0
101052240,0,3406572,3415421,26.87,300,2,0
101053270,0,3416359,3409297,26.88,100,1,0
101054190,0,3417118,3409297,26.88,1200,1,0
101054190,0,3417118,3410884,26.88,900,1,0
101054190,0,3417118,3411528,26.88,1000,1,0
101054190,0,3417118,3411828,26.88,800,1,0
101054190,0,3417118,3412376,26.88,1000,1,0
101054190,0,3417118,3414820,26.88,3000,1,0
101055460,0,3417118,3418227,26.88,200,2,0
101055770,0,3417118,3418528,26.88,1000,2,0
101058290,0,3417118,3420825,26.88,4000,2,0
101058530,0,3417118,3421056,26.88,500,2,0
101058570,0,3417118,3421103,26.88,200,2,0
101100080,0,3417118,3422352,26.88,100,2,0
101102390,0,3424966,3299287,26.89,400,1,0
101102390,0,3424966,3299547,26.89,1000,1,0
101102390,0,3424966,3300287,26.89,10200,1,0
101102390,0,3424966,3302321,26.89,200,1,0
101102390,0,3424966,3302404,26.89,100,1,0
101102390,0,3424966,3303063,26.89,500,1,0
101102390,0,3424966,3303572,26.89,500,1,0
101102390,0,3424966,3304878,26.89,100,1,0
101102390,0,3424966,3306375,26.89,500,1,0
101102390,0,3424966,3307017,26.89,400,1,0
101104710,0,3421017,3427184,26.88,300,2,0
101106820,0,3429099,3352695,26.89,1500,1,0
101106820,0,3429099,3414131,26.89,500,1,0
101106960,0,3429207,3415855,26.89,600,1,0
101106960,0,3429207,3419507,26.89,200,1,0
101108150,0,3421017,3430244,26.88,500,2,0
101108880,0,3430911,3278493,26.9,500,1,0
101109410,0,3422446,3431378,26.88,90,2,0
101109540,0,3422446,3431539,26.88,310,2,0
101109540,0,3423163,3431539,26.88,690,2,0
101110800,0,3432684,3432106,26.89,500,1,0
101111100,0,3429437,3433038,26.88,810,2,0
101111100,0,3429785,3433038,26.88,100,2,0
101111100,0,3430834,3433038,26.88,90,2,0
101111170,0,3433105,3432106,26.89,1500,1,0
101114830,0,3430834,3436723,26.88,10,2,0
101114830,0,3432853,3436723,26.88,100,2,0
101115350,0,3437214,3436723,26.88,90,1,0
101118140,0,3439463,3281773,26.9,10,1,0
101118480,0,3439748,3439505,26.89,500,1,0
101118820,0,3440024,3282725,26.9,100,1,0
101118820,0,3440024,3286816,26.9,100,1,0
101118870,0,3439787,3440102,26.89,500,2,0
101120100,0,3406572,3441065,26.87,100,2,0
101123730,0,3443909,3290437,26.9,10,1,0
101124810,0,3406572,3444841,26.87,2400,2,0
101126160,0,3445885,3290437,26.9,800,1,0
101129250,0,3449139,3448350,26.88,100,1,0
101129250,0,3449139,3446583,26.89,1500,1,0
101129750,0,3449641,3446583,26.89,400,1,0
101131520,0,3451220,3450634,26.89,400,1,0
101132140,0,3451781,3450634,26.89,500,1,0
101132140,0,3451781,3290437,26.9,4590,1,0
101132140,0,3451781,3291617,26.9,3110,1,0
101132200,0,3451805,3451832,26.89,200,2,0
101132570,0,3451805,3452093,26.89,300,2,0
101134840,0,3453842,3452109,26.89,100,1,0
101135000,0,3453963,3452109,26.89,500,1,0
101139030,0,3457281,3457210,26.88,200,1,0
101145430,0,3462471,3455439,26.89,1000,1,0
101146730,0,3463424,3462588,26.89,1000,1,0
101147690,0,3459493,3464241,26.88,1000,2,0
101148850,0,3465034,3464569,26.89,3000,1,0
101150690,0,3466447,3464569,26.89,500,1,0
101154070,0,3469240,3464569,26.89,100,1,0
101154110,0,3469267,3464569,26.89,300,1,0
101154490,0,3469583,3464569,26.89,1200,1,0
101154580,0,3469651,3464677,26.89,600,1,0
101154740,0,3464988,3469900,26.88,200,2,0
101155200,0,3470427,3469900,26.88,3600,1,0
101155510,0,3470728,3464800,26.89,100,1,0
101155990,0,3471106,3464972,26.89,300,1,0
101155990,0,3471106,3465206,26.89,200,1,0
101156860,0,3471818,3465206,26.89,100,1,0
101158230,0,3473012,3465206,26.89,300,1,0
101158890,0,3473505,3469504,26.89,1000,1,0
101202090,0,3474234,3476570,26.89,500,2,0
101202150,0,3474234,3476618,26.89,200,2,0
101202240,0,3476753,3295514,26.9,590,1,0
101202240,0,3476753,3296081,26.9,410,1,0
101202510,0,3474234,3477039,26.89,200,2,0
101203990,0,3474234,3478586,26.89,1000,2,0
101204010,0,3474234,3478606,26.89,900,2,0
101204310,0,3475610,3478967,26.89,100,2,0
101204400,0,3475610,3479066,26.89,300,2,0
101204650,0,3475610,3479324,26.89,100,2,0
101205860,0,3475610,3480583,26.89,500,2,0
101206780,0,3475610,3481702,26.89,100,2,0
101206780,0,3476020,3481702,26.89,100,2,0
101206780,0,3480394,3481702,26.89,300,2,0
101208430,0,3483671,3296081,26.9,90,1,0
101208430,0,3483671,3298030,26.9,900,1,0
101208430,0,3483671,3300629,26.9,200,1,0
101208430,0,3483671,3305802,26.9,100,1,0
101208430,0,3483671,3310388,26.9,900,1,0
101208430,0,3483671,3328716,26.9,300,1,0
101208430,0,3483671,3331715,26.9,500,1,0
101208430,0,3483671,3335388,26.9,1000,1,0
101208430,0,3483671,3340996,26.9,10,1,0
101208480,0,3483724,3340996,26.9,200,1,0
101208560,0,3480394,3483843,26.89,500,2,0
101209380,0,3480394,3484790,26.89,800,2,0
101209380,0,3481302,3484790,26.89,800,2,0
101209620,0,3482541,3485087,26.89,100,2,0
101210140,0,3483220,3485631,26.89,200,2,0
101211080,0,3483220,3486681,26.89,1000,2,0
101211950,0,3487528,3486681,26.89,200,1,0
101212340,0,3478804,3487878,26.88,100,2,0
101213180,0,3488696,3486681,26.89,800,1,0
101213180,0,3488696,3488002,26.89,400,1,0
101213180,0,3488696,3488207,26.89,300,1,0
101213180,0,3488696,3488594,26.89,300,1,0
101213180,0,3488696,3488624,26.89,300,1,0
101213180,0,3488696,3340996,26.9,490,1,0
101213180,0,3488696,3341699,26.9,3000,1,0
101213180,0,3488696,3343333,26.9,1100,1,0
101213180,0,3488696,3347301,26.9,1000,1,0
101213180,0,3488696,3353840,26.9,300,1,0
101213180,0,3488696,3363848,26.9,1000,1,0
101213180,0,3488696,3394831,26.9,1500,1,0
101213180,0,3488696,3414306,26.9,300,1,0
101213180,0,3488696,3437702,26.9,200,1,0
101213180,0,3488696,3437723,26.9,1000,1,0
101213180,0,3488696,3438329,26.9,2010,1,0
101214320,0,3482187,3489782,26.88,100,2,0
101214320,0,3485262,3489782,26.88,700,2,0
101215080,0,3485262,3490440,26.88,500,2,0
101215710,0,3491116,3438329,26.9,1000,1,0
101217920,0,3493019,3492038,26.89,300,1,0
101217920,0,3493019,3492490,26.89,800,1,0
101218150,0,3493215,3442550,26.9,810,1,0
101218960,0,3493019,3493814,26.89,300,2,0
101219140,0,3493019,3493994,26.89,300,2,0
101219970,0,3485262,3494922,26.88,200,2,0
101220440,0,3485262,3495574,26.88,2400,2,0
101220440,0,3489033,3495574,26.88,100,2,0
101220440,0,3489856,3495574,26.88,700,2,0
101220600,0,3489856,3495796,26.88,200,2,0
101221920,0,3489856,3497290,26.88,800,2,0
101222090,0,3497517,3495776,26.89,1800,1,0
101222090,0,3497517,3496596,26.89,200,1,0
101222190,0,3497625,3496596,26.89,300,1,0
101222660,0,3498066,3498196,26.89,300,2,0
101223530,0,3489856,3499208,26.88,500,2,0
101223640,0,3489856,3499292,26.88,1000,2,0
101225000,0,3491254,3501149,26.88,100,2,0
101225000,0,3492855,3501149,26.88,500,2,0
101225650,0,3492855,3501887,26.88,100,2,0
101226130,0,3492855,3502529,26.88,600,2,0
101226380,0,3502827,3498941,26.89,1200,1,0
101226380,0,3502827,3499063,26.89,100,1,0
101226380,0,3502827,3499686,26.89,300,1,0
101226380,0,3502827,3501259,26.89,200,1,0
101227120,0,3503680,3503244,26.89,1000,1,0
101227480,0,3492855,3504101,26.88,3200,2,0
101227600,0,3492855,3504219,26.88,300,2,0
101227900,0,3492855,3504506,26.88,200,2,0
101228720,0,3495401,3505517,26.88,1600,2,0
101228920,0,3495401,3505697,26.88,100,2,0
101228920,0,3495401,3505701,26.88,100,2,0
101228920,0,3495401,3505702,26.88,200,2,0
101228960,0,3505731,3504290,26.89,200,1,0
101228960,0,3505731,3504896,26.89,300,1,0
101229740,0,3495401,3506437,26.88,500,2,0
101231490,0,3508114,3508286,26.89,100,2,0
101231650,0,3495401,3508501,26.88,500,2,0
101233070,0,3495401,3509749,26.88,200,2,0
101233280,0,3509931,3508320,26.89,100,1,0
101233280,0,3509931,3508321,26.89,100,1,0
101233280,0,3509931,3509750,26.89,600,1,0
101235030,0,3495401,3511456,26.88,200,2,0
101235180,0,3495401,3511619,26.88,200,2,0
101235770,0,3495401,3512198,26.88,200,2,0
101236230,0,3495401,3512684,26.88,400,2,0
101237920,0,3514226,3509750,26.89,3700,1,0
101238510,0,3495401,3514741,26.88,100,2,0
101238770,0,3495401,3514912,26.88,200,2,0
101238930,0,3515090,3509750,26.89,1700,1,0
101238930,0,3515090,3509815,26.89,2000,1,0
101238930,0,3515090,3510797,26.89,500,1,0
101238930,0,3515090,3510889,26.89,600,1,0
101238930,0,3515090,3510920,26.89,500,1,0
101238930,0,3515090,3510968,26.89,2800,1,0
101238930,0,3515090,3511129,26.89,1000,1,0
101238930,0,3515090,3512406,26.89,500,1,0
101238930,0,3515090,3513483,26.89,200,1,0
101238930,0,3515090,3513781,26.89,200,1,0
101240300,0,3516297,3514158,26.89,100,1,0
101240530,0,3495401,3516506,26.88,500,2,0
101240570,0,3495401,3516534,26.88,1600,2,0
101240740,0,3495401,3516702,26.88,8500,2,0
101240930,0,3516894,3516702,26.88,900,1,0
101244980,0,3407701,3520020,26.87,100,2,0
101244980,0,3411567,3520020,26.87,300,2,0
101245650,0,3520624,3516702,26.88,700,1,0
101246460,0,3521307,3516702,26.88,5400,1,0
101246460,0,3521307,3516822,26.88,1600,1,0
101246460,0,3521307,3517410,26.88,2500,1,0
101246460,0,3521307,3518177,26.88,100,1,0
101246460,0,3521307,3518730,26.88,700,1,0
101246460,0,3521307,3519292,26.88,100,1,0
101246460,0,3521307,3520031,26.88,300,1,0
101246460,0,3521307,3520974,26.88,700,1,0
101246460,0,3521307,3521190,26.88,1400,1,0
101249020,0,3459377,3523212,26.87,1400,2,0
101249020,0,3460492,3523212,26.87,100,2,0
101249020,0,3463763,3523212,26.87,200,2,0
101250020,0,3398597,3523997,26.86,200,2,0
101250020,0,3402694,3523997,26.86,100,2,0
101250020,0,3523595,3523997,26.86,700,2,0
101253690,0,3526869,3523414,26.87,500,1,0
101257430,0,3523596,3530115,26.86,1600,2,0
101258280,0,3523596,3530744,26.86,400,2,0
101259060,0,3531265,3530744,26.86,1000,1,0
101302040,0,3370002,3533800,26.85,500,2,0
101302040,0,3462818,3533800,26.85,500,2,0
101302040,0,3473973,3533800,26.85,1000,2,0
101302040,0,3526963,3533800,26.85,1000,2,0
101304850,0,3526963,3536179,26.85,2500,2,0
101304850,0,3532135,3536179,26.85,600,2,0
101305330,0,3536586,3536179,26.85,700,1,0
101306030,0,3537040,3537192,26.86,1700,2,0
101307290,0,3352261,3538331,26.84,3100,2,0
101307290,0,3369736,3538331,26.84,8900,2,0
101308940,0,3369736,3539681,26.84,600,2,0
101309610,0,3540449,3537192,26.85,400,1,0
101310490,0,3369736,3541382,26.84,400,2,0
101310790,0,3369736,3541611,26.84,700,2,0
101310790,0,3402711,3541611,26.84,200,2,0
101310790,0,3526973,3541611,26.84,100,2,0
101310790,0,3540028,3541611,26.84,100,2,0
101310790,0,3540032,3541611,26.84,300,2,0
101312330,0,3543042,3541611,26.84,200,1,0
101317820,0,3547772,3541611,26.84,1300,1,0
101318110,0,3548011,3541611,26.84,200,1,0
101318590,0,3198807,3548430,26.82,100,2,0
101320070,0,3335060,3549635,26.82,100,2,0
101320070,0,3337397,3549635,26.82,100,2,0
101321530,0,3550709,3545855,26.84,100,1,0
101321610,0,3337397,3550763,26.82,800,2,0
101321890,0,3546460,3550969,26.82,300,2,0
101329400,0,3555699,3556777,26.83,500,2,0
101331590,0,3556026,3558339,26.83,100,2,0
101332040,0,3553328,3558731,26.82,500,2,0
101334010,0,3560101,3560236,26.83,400,2,0
101334010,0,3553328,3560236,26.82,100,2,0
101334200,0,3553328,3560375,26.82,700,2,0
101334570,0,3553328,3560676,26.82,100,2,0
101334570,0,3532967,3560676,26.81,300,2,0
101334920,0,3534839,3560976,26.81,300,2,0
101335780,0,3534839,3561848,26.81,1000,2,0
101336330,0,3534839,3562329,26.81,200,2,0
101336330,0,3544287,3562329,26.81,200,2,0
101336770,0,3544287,3562756,26.81,200,2,0
101336800,0,3544287,3562777,26.81,500,2,0
101336850,0,3560717,3562823,26.81,500,2,0
101337060,0,3210898,3563002,26.8,300,2,0
101337210,0,3210898,3563158,26.8,700,2,0
101337650,0,3563604,3561992,26.82,600,1,0
101338160,0,3563604,3564196,26.82,800,2,0
101338180,0,3563604,3564233,26.82,500,2,0
101338430,0,3563604,3564451,26.82,100,2,0
101340300,0,3210898,3566123,26.8,500,2,0
101340900,0,3210898,3566622,26.8,200,2,0
101341090,0,3566800,3565444,26.81,600,1,0
101341340,0,3566997,3565444,26.81,1200,1,0
101341620,0,3567230,3561047,26.83,100,1,0
101342180,0,3566997,3567794,26.82,400,2,0
101342990,0,3566997,3568449,26.82,2000,2,0
101346960,0,3210898,3571638,26.8,3200,2,0
101348020,0,3572508,3568449,26.81,200,1,0
101348020,0,3572508,3568725,26.81,200,1,0
101348020,0,3572508,3569850,26.81,600,1,0
101349740,0,3573985,3570102,26.81,200,1,0
101349740,0,3573985,3570240,26.81,100,1,0
101349960,0,3574190,3570240,26.81,800,1,0
101349960,0,3574190,3571405,26.81,200,1,0
101349960,0,3574190,3574172,26.81,800,1,0
101351900,0,3574190,3575678,26.81,200,2,0
101354320,0,3577609,3575678,26.81,200,1,0
101354700,0,3578052,3569482,26.82,200,1,0
101354700,0,3578052,3570297,26.82,100,1,0
101354760,0,3210898,3578085,26.8,1000,2,0
101355450,0,3210898,3578654,26.8,2100,2,0
101355450,0,3330741,3578654,26.8,2000,2,0
101355450,0,3573108,3578654,26.8,500,2,0
101356030,0,3579140,3578654,26.8,1300,1,0
101357470,0,3580189,3578654,26.8,100,1,0
101358240,0,3580762,3578654,26.8,1000,1,0
101401390,0,3583391,3578654,26.8,400,1,0
101401760,0,3583761,3578654,26.8,600,1,0
101406890,0,3583549,3588021,26.79,1100,2,0
101406930,0,3583549,3588047,26.79,2300,2,0
101411570,0,3591893,3579880,26.8,300,1,0
101411650,0,3583549,3591961,26.79,800,2,0
101411850,0,3583549,3592127,26.79,100,2,0
101412500,0,3583549,3592699,26.79,100,2,0
101414100,0,3593945,3579880,26.8,300,1,0
101414100,0,3593945,3581017,26.8,100,1,0
101414100,0,3593945,3592375,26.8,300,1,0
101414100,0,3593945,3592868,26.8,300,1,0
101416070,0,3594168,3595338,26.8,200,2,0
101419050,0,3594168,3597575,26.8,100,2,0
101420230,0,3594168,3598463,26.8,300,2,0
101421320,0,3594168,3599350,26.8,900,2,0
101421320,0,3596740,3599350,26.8,400,2,0
101422930,0,3583549,3600667,26.79,300,2,0
101424350,0,3601819,3599350,26.8,2000,1,0
101427240,0,3583549,3604081,26.79,6000,2,0
101427240,0,3590964,3604081,26.79,100,2,0
101427240,0,3599239,3604081,26.79,200,2,0
101433210,0,3085801,3608449,26.78,500,2,0
101439170,0,3612770,3611706,26.78,200,1,0
101440730,0,3613885,3613700,26.78,600,1,0
101441250,0,3614064,3614273,26.78,100,2,0
101442100,0,3614923,3604508,26.79,100,1,0
101442100,0,3614923,3605301,26.79,200,1,0
101442510,0,3615187,3599350,26.8,200,1,0
101442520,0,3615199,3599350,26.8,100,1,0
101452590,0,3622777,3599350,26.8,800,1,0
101455490,0,3615094,3624806,26.79,300,2,0
101458740,0,3627226,3599350,26.8,500,1,0
101458820,0,3627283,3599350,26.8,3000,1,0
101459680,0,3617869,3628033,26.79,100,2,0
101459680,0,3625397,3628033,26.79,100,2,0
101459860,0,3628179,3602293,26.8,1000,1,0
101459860,0,3628179,3608288,26.8,500,1,0
101501590,0,3628179,3629679,26.8,5600,2,0
101502830,0,3628179,3630859,26.8,300,2,0
101508010,0,3631938,3635920,26.81,700,2,0
101508010,0,3635804,3635920,26.81,100,2,0
101508010,0,3635889,3635920,26.81,200,2,0
101508750,0,3636469,3570297,26.82,300,1,0
101509730,0,3637222,3580748,26.82,100,1,0
101510160,0,3635889,3637532,26.81,100,2,0
101510160,0,3628179,3637532,26.8,400,2,0
101512690,0,3639663,3638990,26.81,100,1,0
101513500,0,3640274,3580748,26.82,300,1,0
101513500,0,3640274,3587442,26.82,200,1,0
101513520,0,3640303,3587442,26.82,700,1,0
101513520,0,3640303,3594069,26.82,200,1,0
101514940,0,3639663,3641611,26.81,200,2,0
101516950,0,3642030,3643476,26.82,900,2,0
101517880,0,3642030,3644469,26.82,500,2,0
101519900,0,3642030,3646462,26.82,200,2,0
101523610,0,3649251,3646555,26.82,400,1,0
101524360,0,3649767,3646556,26.82,400,1,0
101524360,0,3649767,3647952,26.82,1000,1,0
101524360,0,3649767,3648146,26.82,300,1,0
101524360,0,3649767,3561047,26.83,400,1,0
101524360,0,3649767,3561860,26.83,500,1,0
101524360,0,3649767,3562008,26.83,1100,1,0
101524360,0,3649767,3564267,26.83,900,1,0
101524360,0,3649767,3579069,26.83,1000,1,0
101524360,0,3649767,3646231,26.83,400,1,0
101524360,0,3649767,3649679,26.83,300,1,0
101532260,0,3649767,3656101,26.83,1000,2,0
101532370,0,3649767,3656188,26.83,200,2,0
101533480,0,3649767,3657034,26.83,600,2,0
101534170,0,3649767,3657626,26.83,100,2,0
101535250,0,3649767,3658379,26.83,100,2,0
101535250,0,3649767,3658380,26.83,100,2,0
101538170,0,3659058,3660500,26.84,100,2,0
101538170,0,3659058,3660501,26.84,100,2,0
101538260,0,3659058,3660579,26.84,100,2,0
101540680,0,3662465,3539365,26.85,300,1,0
101543190,0,3664482,3539365,26.85,1000,1,0
101547500,0,3668601,3667714,26.84,300,1,0
101547500,0,3668601,3667715,26.84,600,1,0
101547500,0,3668601,3667729,26.84,500,1,0
101547500,0,3668601,3667730,26.84,200,1,0
101554800,0,3674923,3670522,26.83,100,1,0
101557140,0,3676776,3670522,26.83,1000,1,0
101600220,0,3660703,3679600,26.82,300,2,0
101600260,0,3679632,3670522,26.83,900,1,0
101600260,0,3679632,3674514,26.83,300,1,0
101600260,0,3679632,3676637,26.83,500,1,0
101600640,0,3679945,3676637,26.83,100,1,0
101601690,0,3660703,3681010,26.82,600,2,0
101601690,0,3660703,3681011,26.82,600,2,0
101601690,0,3660703,3681012,26.82,200,2,0
101601710,0,3660703,3681013,26.82,400,2,0
101601710,0,3673948,3681013,26.82,200,2,0
101601710,0,3673948,3681020,26.82,100,2,0
101619660,0,3687331,3696968,26.82,500,2,0
101619980,0,3687331,3697265,26.82,200,2,0
101620300,0,3687331,3697510,26.82,100,2,0
101621160,0,3687331,3698323,26.82,100,2,0
101621280,0,3688982,3698442,26.82,600,2,0
101621590,0,3666152,3698724,26.81,400,2,0
101625610,0,3702121,3698442,26.82,300,1,0
101630150,0,3674604,3705212,26.81,800,2,0
101631600,0,3674604,3706297,26.81,500,2,0
101631600,0,3680969,3706297,26.81,400,2,0
101631690,0,3680969,3706390,26.81,600,2,0
101634500,0,3680969,3708664,26.81,6500,2,0
101634750,0,3680969,3708852,26.81,100,2,0
101634750,0,3686478,3708852,26.81,200,2,0
101636160,0,3686478,3710039,26.81,100,2,0
101636180,0,3686478,3710154,26.81,300,2,0
101637420,0,3711060,3710611,26.81,400,1,0
101638480,0,3628179,3711807,26.8,100,2,0
101638480,0,3632060,3711807,26.8,300,2,0
101642050,0,3632060,3714769,26.8,100,2,0
101644280,0,3632060,3716288,26.8,800,2,0
101649300,0,3720066,3718861,26.8,100,1,0
101651160,0,3674591,3721681,26.79,800,2,0
101652910,0,3723149,3718861,26.8,800,1,0
101652910,0,3723149,3720873,26.8,300,1,0
101652910,0,3723149,3722872,26.8,600,1,0
101700280,0,3674591,3729164,26.79,500,2,0
101700580,0,3674591,3729435,26.79,500,2,0
101708060,0,3674591,3735658,26.79,300,2,0
101708060,0,3674591,3735662,26.79,600,2,0
101709540,0,3736821,3735662,26.79,200,1,0
101710910,0,3621850,3738038,26.78,800,2,0
101711230,0,3621850,3738309,26.78,100,2,0
101711320,0,3738379,3735662,26.79,1300,1,0
101714100,0,3740364,3735662,26.79,500,1,0
101714100,0,3740364,3737537,26.79,1300,1,0
101716820,0,3733631,3742354,26.78,200,2,0
101716820,0,3108707,3742354,26.77,100,2,0
101716820,0,3355394,3742354,26.77,200,2,0
101723460,0,3747323,3744774,26.77,1400,1,0
101723460,0,3747323,3747136,26.77,100,1,0
101723460,0,3747323,3743043,26.78,1900,1,0
101723460,0,3747323,3743426,26.78,100,1,0
101732500,0,3753967,3739415,26.79,100,1,0
101732570,0,3754018,3742353,26.79,100,1,0
101732990,0,3754292,3742353,26.79,200,1,0
101733120,0,3754430,3742353,26.79,100,1,0
101733200,0,3754483,3742353,26.79,400,1,0
101735350,0,3754803,3756047,26.79,400,2,0
101740920,0,3755238,3760207,26.79,100,2,0
101740920,0,3755239,3760207,26.79,200,2,0
101740920,0,3755243,3760207,26.79,100,2,0
101742590,0,3755243,3761597,26.79,100,2,0
101742590,0,3755316,3761597,26.79,100,2,0
101742590,0,3755544,3761597,26.79,100,2,0
101742590,0,3755546,3761597,26.79,100,2,0
101742590,0,3755940,3761597,26.79,100,2,0
101742590,0,3756170,3761597,26.79,100,2,0
101742590,0,3756493,3761597,26.79,300,2,0
101742590,0,3757455,3761597,26.79,500,2,0
101742590,0,3757509,3761597,26.79,400,2,0
101742590,0,3760082,3761597,26.79,100,2,0
101742660,0,3761645,3761597,26.79,100,1,0
101755750,0,3772023,3710611,26.81,2500,1,0
101755920,0,3772184,3714111,26.81,200,1,0
101756410,0,3772638,3698442,26.82,100,1,0
101757010,0,3773193,3698442,26.82,100,1,0
101757060,0,3773222,3698442,26.82,100,1,0
101757150,0,3773321,3698442,26.82,100,1,0
101758480,0,3772428,3774323,26.81,600,2,0
101803670,0,3779333,3698442,26.82,900,1,0
101804050,0,3779754,3698442,26.82,100,1,0
101804440,0,3780234,3777372,26.82,1000,1,0
101804450,0,3780268,3780272,26.82,2000,2,0
101804450,0,3780273,3676637,26.83,100,1,0
101804500,0,3780319,3676637,26.83,100,1,0
101804500,0,3780326,3681444,26.83,100,1,0
101804820,0,3780268,3780693,26.82,400,2,0
101805260,0,3781261,3669893,26.84,200,1,0
101810020,0,3786361,3539365,26.85,1800,1,0
101812820,0,3781261,3789484,26.84,200,2,0
101814400,0,3790742,3539365,26.85,700,1,0
101814400,0,3790745,3585930,26.85,100,1,0
101815670,0,3781261,3791910,26.84,200,2,0
101815670,0,3790936,3791910,26.84,200,2,0
101815910,0,3792181,3791910,26.84,100,1,0
101815930,0,3792247,3791910,26.84,100,1,0
101816950,0,3793040,3791910,26.84,100,1,0
101817160,0,3793251,3791910,26.84,100,1,0
101823050,0,3798097,3736045,26.85,100,1,0
101831110,0,3805010,3767309,26.85,100,1,0
101835100,0,3808526,3806765,26.84,900,1,0
101836080,0,3809445,3806765,26.84,100,1,0
101837590,0,3810754,3808620,26.84,600,1,0
101841040,0,3810754,3813599,26.84,2000,2,0
101841040,0,3813467,3813599,26.84,100,2,0
101841040,0,3813506,3813599,26.84,200,2,0
101842950,0,3815008,3813599,26.84,400,1,0
101844660,0,3816276,3813599,26.84,1800,1,0
101844660,0,3816276,3767309,26.85,1300,1,0
101848710,0,3793109,3819730,26.83,100,2,0
101848710,0,3794851,3819730,26.83,400,2,0
101848710,0,3799798,3819730,26.83,300,2,0
101849370,0,3820286,3816637,26.84,500,1,0
101849700,0,3820526,3817766,26.84,300,1,0
101850370,0,3821106,3817766,26.84,200,1,0
101850690,0,3821343,3817766,26.84,200,1,0
101851350,0,3821343,3821910,26.84,500,2,0
101852690,0,3822845,3767309,26.85,1100,1,0
101855730,0,3825037,3767309,26.85,700,1,0
101855770,0,3825069,3767309,26.85,100,1,0
101855930,0,3825158,3795995,26.85,100,1,0
101855930,0,3825158,3812945,26.85,400,1,0
101855930,0,3825158,3813750,26.85,200,1,0
101855930,0,3825158,3815417,26.85,1000,1,0
101856760,0,3825765,3824907,26.85,100,1,0
101858720,0,3827338,3824907,26.85,100,1,0
101858730,0,3827355,3824907,26.85,300,1,0
101858920,0,3827449,3824907,26.85,1900,1,0
101902700,0,3821343,3830532,26.84,300,2,0
101906070,0,3833429,3539584,26.86,100,1,0
101907120,0,3834602,3539584,26.86,1000,1,0
101907120,0,3834602,3544105,26.86,200,1,0
101907120,0,3834602,3570043,26.86,400,1,0
101907700,0,3835163,3570043,26.86,600,1,0
101909920,0,3837723,3837190,26.86,900,1,0
101909920,0,3837723,3527588,26.87,100,1,0
101910690,0,3838446,3837989,26.86,500,1,0
101910940,0,3830717,3838635,26.85,400,2,0
101911230,0,3838720,3838983,26.86,600,2,0
101911240,0,3838720,3838986,26.86,900,2,0
101911240,0,3838720,3839000,26.86,800,2,0
101911240,0,3838720,3839001,26.86,100,2,0
101911380,0,3838720,3839168,26.86,400,2,0
101912230,0,3840321,3840114,26.86,700,1,0
101913240,0,3832221,3841595,26.85,200,2,0
101913240,0,3836993,3841595,26.85,100,2,0
101913240,0,3838478,3841595,26.85,100,2,0
101913250,0,3841200,3841626,26.85,500,2,0
101913500,0,3841982,3841637,26.85,500,1,0
101913500,0,3841982,3841781,26.85,200,1,0
101914000,0,3824085,3842661,26.84,200,2,0
101914720,0,3824405,3843748,26.84,100,2,0
101914760,0,3824405,3843775,26.84,100,2,0
101914780,0,3824405,3843793,26.84,200,2,0
101915750,0,3825352,3845098,26.84,200,2,0
101915830,0,3825352,3845188,26.84,400,2,0
101915920,0,3825352,3845341,26.84,100,2,0
101915920,0,3826666,3845341,26.84,300,2,0
101915920,0,3826676,3845341,26.84,100,2,0
101915920,0,3830743,3845341,26.84,300,2,0
101916280,0,3845846,3842392,26.85,400,1,0
101916280,0,3845846,3842393,26.85,300,1,0
101916280,0,3845846,3842396,26.85,400,1,0
101916380,0,3834801,3846007,26.84,200,2,0
101916710,0,3834928,3846437,26.84,300,2,0
101916780,0,3818322,3846605,26.83,700,2,0
101916780,0,3820012,3846605,26.83,400,2,0
101916780,0,3841930,3846606,26.83,200,2,0
101917530,0,3841930,3847583,26.83,600,2,0
101917660,0,3847801,3846471,26.84,400,1,0
101917940,0,3841930,3848162,26.83,1300,2,0
101918050,0,3848347,3848162,26.83,500,1,0
101921360,0,3776989,3851732,26.81,500,2,0
101921360,0,3780080,3851732,26.81,300,2,0
101921600,0,3780080,3851961,26.81,2700,2,0
101921600,0,3780241,3851961,26.81,400,2,0
101921600,0,3780713,3851961,26.81,100,2,0
101921920,0,3852157,3852296,26.83,300,2,0
101922160,0,3852157,3852523,26.83,100,2,0
101922160,0,3852157,3852527,26.83,200,2,0
101923260,0,3780713,3853556,26.81,200,2,0
101923260,0,3809532,3853556,26.81,600,2,0
101929190,0,3858186,3858467,26.84,300,2,0
101929250,0,3858186,3858502,26.84,600,2,0
101929250,0,3856224,3858502,26.83,200,2,0
101929250,0,3856607,3858502,26.83,200,2,0
101929250,0,3853664,3858502,26.82,100,2,0
101933240,0,3861923,3859617,26.84,100,1,0
101933240,0,3861923,3842998,26.85,100,1,0
101940680,0,3865595,3867445,26.83,3100,2,0
101940700,0,3865595,3867451,26.83,1400,2,0
101940910,0,3865916,3867593,26.83,400,2,0
101942330,0,3868709,3866987,26.84,1200,1,0
101946170,0,3871478,3866987,26.84,3800,1,0
101946710,0,3869597,3871936,26.83,300,2,0
101949730,0,3873947,3873373,26.83,100,1,0
101952990,0,3876273,3874000,26.83,100,1,0
101953300,0,3876479,3874000,26.83,4600,1,0
101954460,0,3860003,3877291,26.82,1000,2,0
101956220,0,3878539,3878277,26.82,800,1,0
101956240,0,3878540,3878277,26.82,800,1,0
101957630,0,3878607,3879558,26.82,200,2,0
101958200,0,3879926,3878380,26.83,200,1,0
101958580,0,3880159,3878380,26.83,1800,1,0
101958580,0,3880159,3878840,26.83,7400,1,0
101958580,0,3880159,3878998,26.83,500,1,0
102000620,0,3880159,3881730,26.83,600,2,0
102000750,0,3880159,3881840,26.83,800,2,0
102001670,0,3880159,3882637,26.83,100,2,0
102001690,0,3880159,3882656,26.83,100,2,0
102001690,0,3880159,3882657,26.83,100,2,0
102002120,0,3880159,3883088,26.83,700,2,0
102004680,0,3885374,3866987,26.84,5300,1,0
102006950,0,3880159,3887591,26.83,500,2,0
102010060,0,3890220,3866987,26.84,500,1,0
102010400,0,3890499,3866987,26.84,100,1,0
102010400,0,3890500,3866987,26.84,600,1,0
102010400,0,3890508,3866987,26.84,100,1,0
102010400,0,3890509,3866987,26.84,100,1,0
102010400,0,3890510,3866987,26.84,700,1,0
102010680,0,3890795,3866987,26.84,100,1,0
102010700,0,3890809,3866987,26.84,100,1,0
102012330,0,3892214,3866987,26.84,17300,1,0
102012720,0,3880583,3892530,26.83,400,2,0
102012920,0,3892695,3866987,26.84,200,1,0
102013150,0,3892902,3866987,26.84,300,1,0
102013200,0,3892952,3866987,26.84,31500,1,0
102013200,0,3892952,3867927,26.84,200,1,0
102013200,0,3892952,3872873,26.84,200,1,0
102013200,0,3892952,3872878,26.84,200,1,0
102013200,0,3892952,3877720,26.84,1800,1,0
102013200,0,3892952,3879927,26.84,2000,1,0
102013200,0,3892952,3882048,26.84,2000,1,0
102013200,0,3892952,3887933,26.84,100,1,0
102013500,0,3893200,3842998,26.85,100,1,0
102013680,0,3893351,3844744,26.85,900,1,0
102013690,0,3893360,3847988,26.85,100,1,0
102013710,0,3893375,3847988,26.85,100,1,0
102013710,0,3893380,3847988,26.85,100,1,0
102013710,0,3893390,3874338,26.85,100,1,0
102013720,0,3893394,3874338,26.85,100,1,0
102014850,0,3894351,3841383,26.86,100,1,0
102017020,0,3893407,3896353,26.85,200,2,0
102017070,0,3893417,3896385,26.85,100,2,0
102017070,0,3893512,3896385,26.85,100,2,0
102017070,0,3893574,3896385,26.85,400,2,0
102017070,0,3893577,3896385,26.85,600,2,0
102017070,0,3893578,3896385,26.85,900,2,0
102017070,0,3893579,3896385,26.85,100,2,0
102017070,0,3893580,3896385,26.85,300,2,0
102017070,0,3893582,3896385,26.85,800,2,0
102017070,0,3893584,3896385,26.85,500,2,0
102017070,0,3893586,3896385,26.85,100,2,0
102017070,0,3893589,3896385,26.85,1100,2,0
102018800,0,3898044,3844560,26.86,1000,1,0
102018950,0,3898162,3527588,26.87,300,1,0
102018950,0,3898162,3611537,26.87,400,1,0
102018950,0,3898162,3641494,26.87,6500,1,0
102018950,0,3898162,3683151,26.87,200,1,0
102023250,0,3901423,3529804,26.88,200,1,0
102023250,0,3901423,3721696,26.88,300,1,0
102026390,0,3903775,3869138,26.88,500,1,0
102026390,0,3903775,3520455,26.89,200,1,0
102026390,0,3903775,3642950,26.89,900,1,0
102027140,0,3904224,3666983,26.89,700,1,0
102029020,0,3902199,3905359,26.87,1000,2,0
102030780,0,3902199,3906634,26.87,1100,2,0
102031110,0,3902199,3906844,26.87,500,2,0
102031450,0,3907070,3907046,26.88,100,1,0
102031610,0,3902199,3907166,26.87,300,2,0
102031610,0,3903306,3907166,26.87,200,2,0
102031870,0,3907358,3907046,26.88,400,1,0
102031870,0,3907358,3907167,26.88,400,1,0
102032090,0,3903306,3907496,26.87,300,2,0
102032160,0,3903306,3907572,26.87,200,2,0
102032560,0,3907868,3907572,26.87,600,1,0
102033410,0,3907868,3908460,26.88,700,2,0
102033410,0,3907974,3908460,26.88,500,2,0
102033600,0,3907974,3908595,26.88,300,2,0
102034580,0,3899625,3909233,26.86,300,2,0
102034870,0,3909448,3908595,26.88,4100,1,0
102034870,0,3909448,3700819,26.89,2000,1,0
102035260,0,3909556,3909698,26.88,200,2,0
102046310,0,3917581,3912173,26.88,200,1,0
102047630,0,3916703,3918645,26.87,1000,2,0
102050710,0,3916703,3921227,26.87,400,2,0
102051250,0,3921782,3912173,26.88,1500,1,0
102055660,0,3924897,3912173,26.88,400,1,0
102056450,0,3925556,3912173,26.88,500,1,0
102056690,0,3916703,3925726,26.87,100,2,0
102058870,0,3916798,3927234,26.87,500,2,0
102100470,0,3928461,3912173,26.88,5600,1,0
102101230,0,3929090,3927554,26.88,400,1,0
102102570,0,3929754,3930180,26.88,300,2,0
102102570,0,3916798,3930180,26.87,400,2,0
102105510,0,3917869,3932734,26.87,400,2,0
102107070,0,3933812,3934323,26.88,700,2,0
102108220,0,3917869,3935404,26.87,100,2,0
102108430,0,3917869,3935613,26.87,400,2,0
102108430,0,3917870,3935613,26.87,100,2,0
102108640,0,3917870,3935777,26.87,200,2,0
102112120,0,3938412,3938544,26.88,100,2,0
102117960,0,3919369,3942904,26.87,100,2,0
102117960,0,3925591,3942904,26.85,2900,2,0
102119680,0,3944226,3940838,26.88,500,1,0
102119680,0,3944226,3941057,26.88,400,1,0
102119680,0,3944226,3941688,26.88,400,1,0
102126940,0,3925591,3949689,26.85,3900,2,0
102127140,0,3949904,3949689,26.85,200,1,0
102127140,0,3949904,3949600,26.86,200,1,0
102128900,0,3889801,3951854,26.83,500,2,0
102129300,0,3889801,3952343,26.83,200,2,0
102129400,0,3889801,3952462,26.83,200,2,0
102129400,0,3897698,3952462,26.83,500,2,0
102130730,0,3883711,3953669,26.82,500,2,0
102131830,0,3883711,3954631,26.82,100,2,0
102131970,0,3916230,3954762,26.82,200,2,0
102132120,0,3935761,3954887,26.82,500,2,0
102132120,0,3809532,3954887,26.81,300,2,0
102133590,0,3956372,3954668,26.83,200,1,0
102135200,0,3957686,3954668,26.83,700,1,0
102136830,0,3959158,3957852,26.82,100,1,0
102136830,0,3959158,3954668,26.83,500,1,0
102136830,0,3959158,3954669,26.83,800,1,0
102136830,0,3959158,3954671,26.83,1300,1,0
102136830,0,3959158,3954681,26.83,700,1,0
102136830,0,3959158,3954682,26.83,200,1,0
102136850,0,3861508,3959163,26.81,500,2,0
102137920,0,3873363,3960004,26.81,400,2,0
102138730,0,3928811,3960636,26.81,700,2,0
102138730,0,3947035,3960636,26.81,100,2,0
102140190,0,3961715,3954682,26.83,700,1,0
102140190,0,3961715,3957019,26.83,800,1,0
102140190,0,3961715,3957244,26.83,200,1,0
102140190,0,3961715,3958724,26.83,200,1,0
102140190,0,3961715,3959608,26.83,200,1,0
102140190,0,3961715,3953309,26.85,200,1,0
102140190,0,3961715,3954354,26.85,4200,1,0
102140350,0,3961715,3961823,26.85,200,2,0
102140890,0,3962311,3962193,26.81,500,1,0
102141110,0,3962311,3962567,26.81,800,2,0
102143230,0,3963411,3964309,26.82,200,2,0
102148390,0,3968042,3968272,26.81,100,2,0
102151850,0,3970536,3966711,26.82,400,1,0
102151950,0,3970632,3969978,26.82,200,1,0
102155370,0,3972774,3969978,26.82,500,1,0
102155670,0,3972774,3973021,26.82,500,2,0
102156230,0,3972774,3973414,26.82,7700,2,0
102156290,0,3972774,3973448,26.82,200,2,0
102202620,0,3968042,3977969,26.81,1200,2,0
102203390,0,3978542,3973461,26.82,3000,1,0
102203390,0,3978542,3973475,26.82,100,1,0
102203390,0,3978542,3974288,26.82,100,1,0
102203390,0,3978542,3974809,26.82,500,1,0
102203390,0,3978542,3975700,26.82,300,1,0
102208200,0,3968042,3982165,26.81,100,2,0
102208760,0,3968042,3982573,26.81,2000,2,0
102208760,0,3968042,3982575,26.81,800,2,0
102208760,0,3972118,3982575,26.81,400,2,0
102208760,0,3973904,3982575,26.81,200,2,0
102208760,0,3975268,3982575,26.81,800,2,0
102208760,0,3975745,3982575,26.81,100,2,0
102208760,0,3981459,3982575,26.81,400,2,0
102210890,0,3794403,3984189,26.8,1100,2,0
102219710,0,3805623,3990611,26.8,100,2,0
102219710,0,3901415,3990614,26.8,300,2,0
102219760,0,3901415,3990642,26.8,100,2,0
102219840,0,3959819,3990715,26.8,500,2,0
102226300,0,3971528,3995571,26.8,1000,2,0
102233460,0,4000924,3982575,26.81,2100,1,0
102234200,0,3992658,4001561,26.8,200,2,0
102238640,0,3998596,4004865,26.8,900,2,0
102247880,0,4006190,4012060,26.8,400,2,0
102248930,0,4006190,4013336,26.8,100,2,0
102249730,0,4012363,4013935,26.8,200,2,0
102251060,0,4014987,4013935,26.8,100,1,0
102254710,0,3763445,4017818,26.79,700,2,0
102255140,0,3763445,4018184,26.79,400,2,0
102255140,0,3764978,4018184,26.79,100,2,0
102255140,0,3766632,4018184,26.79,200,2,0
102255440,0,3768920,4018403,26.79,100,2,0
102258630,0,3768920,4020878,26.79,200,2,0
102258730,0,3768920,4020977,26.79,1800,2,0
102258730,0,3768920,4020980,26.79,1700,2,0
102302110,0,3762939,4023432,26.78,100,2,0
102304680,0,3775839,4025342,26.78,200,2,0
102304680,0,3999718,4025342,26.78,100,2,0
102309510,0,3752310,4028679,26.77,400,2,0
102309630,0,4028740,4025342,26.78,100,1,0
102310070,0,4029065,4027608,26.78,100,1,0
102312240,0,3769172,4030574,26.77,600,2,0
102312240,0,3866209,4030574,26.77,200,2,0
102312490,0,3866209,4030764,26.77,200,2,0
102313710,0,3866209,4031559,26.77,200,2,0
102315880,0,4032969,4027998,26.78,1000,1,0
102321400,0,3866209,4036784,26.77,800,2,0
102324420,0,3866209,4038934,26.77,500,2,0
102330760,0,4037735,4043148,26.77,300,2,0
102337080,0,4047211,4046343,26.77,500,1,0
102343930,0,4051442,4027998,26.78,1000,1,0
102353700,0,4050314,4057515,26.77,500,2,0
102408220,0,3755359,4067027,26.76,100,2,0
102410590,0,4007731,4068866,26.76,200,2,0
102413960,0,4071088,4062180,26.77,1400,1,0
102415300,0,4071088,4072008,26.77,500,2,0
102415980,0,4072414,4027998,26.78,300,1,0
102420310,0,4071088,4075289,26.77,200,2,0
102427850,0,4079759,4027998,26.78,100,1,0
102428090,0,4071088,4079954,26.77,300,2,0
102428990,0,4071088,4080573,26.77,800,2,0
102430040,0,4071088,4081296,26.77,800,2,0
102430240,0,4071088,4081497,26.77,200,2,0
102430770,0,4071088,4081966,26.77,200,2,0
102431280,0,4071088,4082369,26.77,500,2,0
102432010,0,4073070,4082928,26.77,200,2,0
102432010,0,4076813,4082928,26.77,400,2,0
102432030,0,4041253,4082951,26.76,400,2,0
102432360,0,4051610,4083319,26.76,500,2,0
102434410,0,4051610,4085086,26.76,200,2,0
102434900,0,4051610,4085487,26.76,800,2,0
102435380,0,4051610,4085966,26.76,200,2,0
102435570,0,4051610,4086118,26.76,400,2,0
102435570,0,4053066,4086118,26.76,200,2,0
102435570,0,4058181,4086118,26.76,300,2,0
102435570,0,4058494,4086118,26.76,100,2,0
102435570,0,4070100,4086118,26.76,1500,2,0
102435640,0,4070100,4086178,26.76,200,2,0
102436870,0,4070100,4087311,26.76,200,2,0
102437360,0,3399255,4087734,26.75,100,2,0
102437420,0,3983170,4087769,26.75,200,2,0
102442010,0,4091523,4088412,26.76,400,1,0
102502070,0,4104254,4090795,26.76,300,1,0
102502070,0,4104254,4090796,26.76,1800,1,0
102502070,0,4104254,4094654,26.76,200,1,0
102502090,0,4104279,4094654,26.76,1000,1,0
102502390,0,4104490,4094654,26.76,100,1,0
102503650,0,4038772,4105466,26.75,300,2,0
102505200,0,4106688,4097410,26.76,100,1,0
102505440,0,4106897,4097410,26.76,100,1,0
102507650,0,4038772,4108615,26.75,400,2,0
102509040,0,4109744,4097410,26.76,100,1,0
102509140,0,4109844,4083604,26.77,100,1,0
102509150,0,4109847,4089514,26.77,100,1,0
102517010,0,4115799,4114812,26.76,400,1,0
102520210,0,4118161,4095212,26.77,100,1,0
102520750,0,4115799,4118613,26.76,800,2,0
102525710,0,4115799,4121866,26.76,500,2,0
102530810,0,4115799,4125439,26.76,400,2,0
102534990,0,4128184,4027998,26.78,100,1,0
102536190,0,4115799,4128916,26.76,300,2,0
102537930,0,4129960,4128774,26.77,100,1,0
102539660,0,4131041,4130094,26.77,200,1,0
102540710,0,4131041,4131604,26.77,100,2,0
102545790,0,4115799,4134635,26.76,700,2,0
102554480,0,4115799,4140601,26.76,200,2,0
102555750,0,4115799,4141309,26.76,100,2,0
102600600,0,4144789,4133575,26.77,100,1,0
102601910,0,4145719,4133575,26.77,200,1,0
102605810,0,4115799,4148757,26.76,200,2,0
102607500,0,4149855,4133575,26.77,3000,1,0
102607500,0,4149855,4135705,26.77,600,1,0
102609120,0,4150938,4150429,26.77,300,1,0
102609860,0,4151459,4150429,26.77,600,1,0
102610720,0,4115799,4151994,26.76,100,2,0
102610800,0,4115799,4152042,26.76,600,2,0
102612120,0,4115799,4152880,26.76,4300,2,0
102619410,0,4119378,4157647,26.76,1200,2,0
102619840,0,4119805,4157953,26.76,3900,2,0
102619840,0,4121163,4157953,26.76,1100,2,0
102622070,0,4121163,4159686,26.76,2700,2,0
102622070,0,4154128,4159686,26.76,100,2,0
102627690,0,4038772,4163160,26.75,200,2,0
102630800,0,4038772,4165201,26.75,500,2,0
102630820,0,4038772,4165204,26.75,100,2,0
102633390,0,4038772,4166865,26.75,500,2,0
102635220,0,4038772,4168330,26.75,200,2,0
102635270,0,4168381,4162970,26.76,900,1,0
102635270,0,4168381,4163168,26.76,800,1,0
102635270,0,4168381,4165990,26.76,100,1,0
102635270,0,4168381,4166365,26.76,200,1,0
102635270,0,4168381,4167148,26.76,300,1,0
102635410,0,4038772,4168482,26.75,500,2,0
102635850,0,4168820,4167380,26.76,100,1,0
102636230,0,4038772,4169265,26.75,1400,2,0
102636230,0,4040029,4169265,26.75,2000,2,0
102636230,0,4042125,4169265,26.75,4000,2,0
102636590,0,4089933,4169540,26.75,200,2,0
102636760,0,4089933,4169694,26.75,300,2,0
102636870,0,4098731,4169780,26.75,100,2,0
102636870,0,4167604,4169780,26.75,3300,2,0
102637100,0,4167604,4169963,26.75,2300,2,0
102637280,0,3031558,4170120,26.74,100,2,0
102637280,0,3345667,4170120,26.74,1000,2,0
102637280,0,4120851,4170120,26.74,1000,2,0
102637410,0,4170228,4169963,26.75,200,1,0
102637410,0,4170228,4170065,26.75,800,1,0
102638180,0,4147065,4170794,26.74,100,2,0
102640710,0,4148236,4173169,26.74,100,2,0
102640770,0,3352340,4173225,26.73,100,2,0
102640770,0,3415050,4173227,26.73,1500,2,0
102640770,0,3415050,4173234,26.73,300,2,0
102640830,0,4173277,4173169,26.74,300,1,0
102640830,0,4173277,4173170,26.74,400,1,0
102640830,0,4173277,4173171,26.74,300,1,0
102641010,0,3415050,4173450,26.73,300,2,0
102641010,0,3637353,4173450,26.73,100,2,0
102641010,0,3675575,4173450,26.73,1300,2,0
102641010,0,3769813,4173450,26.73,1500,2,0
102641930,0,4174319,4173172,26.74,200,1,0
102642080,0,3769813,4174443,26.73,200,2,0
102645560,0,4177586,4175893,26.74,400,1,0
102645990,0,3991034,4177896,26.73,600,2,0
102646880,0,3018787,4178533,26.72,100,2,0
102646880,0,3073839,4178533,26.72,300,2,0
102646880,0,3428379,4178533,26.72,200,2,0
102648730,0,4179731,4180070,26.73,200,2,0
102650270,0,3760280,4181631,26.72,300,2,0
102650950,0,4182049,4182170,26.73,200,2,0
102652630,0,4054162,4183641,26.72,2000,2,0
102653130,0,4183979,4182171,26.73,1000,1,0
102656780,0,4123518,4186640,26.72,500,2,0
102656800,0,4123518,4186647,26.72,500,2,0
102657550,0,4123518,4187158,26.72,1400,2,0
102700120,0,3041003,4188995,26.71,100,2,0
102702020,0,4190384,4187158,26.72,1700,1,0
102704500,0,3041003,4192175,26.71,1200,2,0
102704500,0,3630472,4192175,26.71,1000,2,0
102704500,0,3778458,4192175,26.71,1800,2,0
102709260,0,4195526,4192312,26.72,100,1,0
102712730,0,3778458,4197994,26.71,500,2,0
102715430,0,3815952,4199938,26.71,500,2,0
102716450,0,3815952,4200645,26.71,1500,2,0
102716700,0,3815952,4200805,26.71,300,2,0
102716700,0,3815952,4200808,26.71,300,2,0
102716700,0,3815952,4200812,26.71,100,2,0
102716700,0,4196470,4200812,26.71,200,2,0
102716710,0,4196470,4200824,26.71,300,2,0
102716710,0,4198665,4200824,26.71,200,2,0
102716770,0,4198665,4200864,26.71,200,2,0
102716770,0,4199599,4200864,26.71,100,2,0
102716770,0,3015650,4200864,26.7,100,2,0
102716770,0,3124224,4200864,26.7,200,2,0
102726550,0,4206933,4203375,26.71,1000,1,0
102727200,0,3124224,4207322,26.7,800,2,0
102731540,0,4210205,4207431,26.71,100,1,0
102738210,0,4210205,4214590,26.71,100,2,0
102750450,0,3320611,4222187,26.7,200,2,0
102751840,0,3607228,4223120,26.7,200,2,0
102753380,0,4223990,4217412,26.71,2200,1,0
102807560,0,4233134,4217412,26.71,400,1,0
102807560,0,4233134,4219001,26.71,600,1,0
102808100,0,4233531,4219001,26.71,200,1,0
102808930,0,4233531,4234044,26.71,300,2,0
102812480,0,4233531,4236162,26.71,300,2,0
102816300,0,4238549,4197198,26.72,3500,1,0
102817260,0,4239168,4197198,26.72,100,1,0
102817840,0,4239566,4239441,26.71,400,1,0
102818500,0,4240057,4239441,26.71,100,1,0
102821090,0,4241864,4239441,26.71,300,1,0
102821230,0,4241996,4239441,26.71,100,1,0
102821230,0,4241998,4239441,26.71,100,1,0
102822840,0,4242005,4242978,26.71,100,2,0
102833290,0,4250393,4249067,26.71,45,1,0
102834860,0,4251598,4197198,26.72,100,1,0
102838290,0,4253719,4197198,26.72,2000,1,0
102838420,0,4250393,4253777,26.71,500,2,0
102838730,0,4253960,4197198,26.72,200,1,0
102840880,0,4255107,4197198,26.72,1900,1,0
102841470,0,4255493,4197701,26.72,400,1,0
102841920,0,4255756,4203729,26.72,300,1,0
102842950,0,4256357,4203729,26.72,300,1,0
102842950,0,4256357,4239765,26.72,100,1,0
102842950,0,4256357,4245169,26.72,200,1,0
102842950,0,4256357,4247027,26.72,400,1,0
102844340,0,4256357,4257276,26.72,300,2,0
102844340,0,4257037,4257276,26.72,100,2,0
102844340,0,4250393,4257276,26.71,2100,2,0
102847670,0,4259012,4257599,26.72,400,1,0
102901500,0,4263237,4266941,26.72,1000,2,0
102902360,0,4264354,4267524,26.72,100,2,0
102902360,0,4266460,4267524,26.72,200,2,0
102908000,0,4272236,4268361,26.72,100,1,0
102908000,0,4272236,4268462,26.72,100,1,0
102908160,0,4272371,4268462,26.72,200,1,0
102908160,0,4272371,4268562,26.72,200,1,0
102919990,0,4278997,4280679,26.72,100,2,0
102927660,0,4251673,4285247,26.71,100,2,0
102927660,0,4252765,4285247,26.71,445,2,0
102935380,0,4253733,4290155,26.71,2645,2,0
102937230,0,4253733,4291107,26.71,755,2,0
102938270,0,4256334,4291662,26.71,400,2,0
102943980,0,4258205,4294844,26.71,155,2,0
102944010,0,4263123,4294862,26.71,545,2,0
102947050,0,4290175,4296705,26.71,55,2,0
102947050,0,4296393,4296705,26.71,145,2,0
102953040,0,4296393,4300297,26.71,100,2,0
103009320,0,4296393,4312059,26.71,555,2,0
103009320,0,4296632,4312059,26.71,1500,2,0
103009320,0,4301057,4312059,26.71,500,2,0
103009320,0,4301420,4312059,26.71,1000,2,0
103009320,0,4302072,4312059,26.71,400,2,0
103009320,0,4302686,4312059,26.71,100,2,0
103009320,0,4303014,4312059,26.71,400,2,0
103009320,0,4305743,4312059,26.71,645,2,0
103009850,0,4305743,4312659,26.71,200,2,0
103009910,0,4312708,4280991,26.72,200,1,0
103010460,0,4305743,4313263,26.71,155,2,0
103011050,0,4313748,4313263,26.71,45,1,0
103011050,0,4313748,4313272,26.71,55,1,0
103013600,0,4316150,4313272,26.71,145,1,0
103018540,0,4321050,4315430,26.71,100,1,0
103020660,0,4322880,4315430,26.71,200,1,0
103020660,0,4322880,4317999,26.71,300,1,0
103020660,0,4322880,4319675,26.71,200,1,0
103020660,0,4322880,4320014,26.71,700,1,0
103020660,0,4322880,4321323,26.71,200,1,0
103022380,0,4322880,4324240,26.71,100,2,0
103026950,0,4327251,4324241,26.71,200,1,0
103028140,0,4235013,4328071,26.7,400,2,0
103029210,0,4242513,4328687,26.7,100,2,0
103029220,0,4244940,4328695,26.7,200,2,0
103029680,0,4328978,4324244,26.71,100,1,0
103032180,0,4263784,4330488,26.7,100,2,0
103033410,0,4283520,4331237,26.7,600,2,0
103033460,0,4328720,4331272,26.7,100,2,0
103038210,0,2702071,4334597,26.69,100,2,0
103040260,0,3005027,4336015,26.69,100,2,0
103040380,0,4156795,4336108,26.69,300,2,0
103040410,0,4156795,4336134,26.69,100,2,0
103040430,0,4336139,4335513,26.7,400,1,0
103040450,0,4234510,4336160,26.69,100,2,0
103046930,0,4291318,4340025,26.69,300,2,0
103046990,0,2424164,4340066,26.68,200,2,0
103049250,0,2538885,4341531,26.68,100,2,0
103049780,0,2538885,4341923,26.68,100,2,0
103049780,0,2801256,4341923,26.68,300,2,0
103049780,0,2999320,4341923,26.68,100,2,0
103049780,0,3013391,4341923,26.68,200,2,0
103051870,0,3013391,4343713,26.68,200,2,0
103058650,0,3013391,4348367,26.68,100,2,0
103102650,0,3013391,4351012,26.68,200,2,0
103119160,0,4361458,4346263,26.69,600,1,0
103120670,0,4362415,4351226,26.69,1700,1,0
103128390,0,3013391,4367068,26.68,400,2,0
103129090,0,4367414,4351226,26.69,100,1,0
103134770,0,4371196,4363355,26.69,500,1,0
103137190,0,4373748,4373657,26.69,800,1,0
103141090,0,4373748,4377025,26.69,400,2,0
103141090,0,4374449,4377025,26.69,700,2,0
103148950,0,4382918,4377025,26.69,1900,1,0
103149140,0,4382918,4383025,26.69,100,2,0
103156740,0,4387070,4385880,26.69,3800,1,0
103206060,0,3013391,4392827,26.68,800,2,0
103212190,0,4397510,4389669,26.69,100,1,0
103222160,0,4125605,4403163,26.68,800,2,0
103222160,0,4348904,4403163,26.68,2800,2,0
103222160,0,4384376,4403163,26.68,200,2,0
103223410,0,4403708,4403844,26.69,100,2,0
103233480,0,4391830,4409668,26.68,2500,2,0
103234640,0,4410558,4409668,26.68,500,1,0
103236490,0,4412024,4409668,26.68,9800,1,0
103236490,0,4412024,4403844,26.69,700,1,0
103236490,0,4412024,4406618,26.69,400,1,0
103236490,0,4412024,4335631,26.7,400,1,0
103236490,0,4412024,4336127,26.7,500,1,0
103236490,0,4412024,4339934,26.7,10000,1,0
103236490,0,4412024,4340959,26.7,400,1,0
103236490,0,4412024,4341704,26.7,100,1,0
103236490,0,4412024,4343359,26.7,2500,1,0
103236490,0,4412024,4350027,26.7,5200,1,0
103237460,0,4412620,4350027,26.7,100,1,0
103237480,0,4412627,4350027,26.7,100,1,0
103237480,0,4412633,4350027,26.7,300,1,0
103237930,0,4412879,4350027,26.7,200,1,0
103238280,0,4413089,4374923,26.7,1000,1,0
103238280,0,4413089,4404588,26.7,7300,1,0
103238600,0,4413272,4404588,26.7,100,1,0
103238730,0,4413348,4404588,26.7,500,1,0
103241280,0,4415032,4404588,26.7,100,1,0
103241280,0,4415039,4404588,26.7,100,1,0
103242780,0,4414465,4416105,26.69,800,2,0
103249160,0,4415072,4419390,26.69,100,2,0
103251500,0,4420535,4417885,26.7,500,1,0
103251790,0,4420690,4417885,26.7,500,1,0
103251790,0,4420690,4418895,26.7,1000,1,0
103251790,0,4420690,4419166,26.7,1000,1,0
103254100,0,4421337,4422137,26.7,100,2,0
103254100,0,4421524,4422137,26.7,200,2,0
103256840,0,4417408,4423740,26.69,500,2,0
103256840,0,4419364,4423740,26.69,2000,2,0
103256840,0,4420359,4423740,26.69,300,2,0
103256840,0,4422325,4423740,26.69,1500,2,0
103312900,0,4434142,4422137,26.7,4000,1,0
103337530,0,4449751,4329346,26.71,6300,1,0
103337530,0,4449751,4329556,26.71,500,1,0
103337530,0,4449751,4427362,26.71,4100,1,0
103337530,0,4449751,4441335,26.71,1000,1,0
103337530,0,4449751,4280991,26.72,1600,1,0
103337530,0,4449751,4285313,26.72,100,1,0
103337530,0,4449751,4305526,26.72,300,1,0
103342030,0,4450040,4452366,26.7,100,2,0
103352010,0,4455603,4458175,26.71,100,2,0
103352180,0,4457374,4458300,26.71,100,2,0
103352440,0,4458455,4353543,26.72,100,1,0
103353190,0,4457374,4458907,26.71,100,2,0
103353190,0,4457771,4458907,26.71,500,2,0
103353190,0,4458870,4458907,26.71,1000,2,0
103353190,0,4450807,4458907,26.7,800,2,0
103353190,0,4450967,4458907,26.7,100,2,0
103353190,0,4451241,4458907,26.7,400,2,0
103353190,0,4453662,4458907,26.7,700,2,0
103353190,0,4455070,4458907,26.7,400,2,0
103356150,0,4460694,4353543,26.72,300,1,0
103358100,0,4461940,4461745,26.71,100,1,0
103403620,0,4458162,4465728,26.7,1200,2,0
103403790,0,4465837,4461745,26.71,200,1,0
103405200,0,4459602,4466729,26.7,400,2,0
103405210,0,4459602,4466738,26.7,200,2,0
103405420,0,4459602,4466859,26.7,100,2,0
103407550,0,4459602,4468228,26.7,800,2,0
103407820,0,4460757,4468361,26.7,500,2,0
103408110,0,4460757,4468591,26.7,300,2,0
103409460,0,4460757,4469622,26.7,3500,2,0
103409780,0,4469765,4353543,26.72,200,1,0
103413350,0,4469765,4471603,26.72,3000,2,0
103419910,0,4475204,4475161,26.72,400,1,0
103422940,0,4476808,4219053,26.73,300,1,0
103428580,0,4475724,4479757,26.72,400,2,0
103429360,0,4480242,4245875,26.73,600,1,0
103429360,0,4480242,4351924,26.73,400,1,0
103430170,0,4475724,4480681,26.72,4500,2,0
103433810,0,4475724,4482548,26.72,1100,2,0
103442640,0,4484423,4487312,26.73,100,2,0
103442640,0,4484580,4487312,26.73,200,2,0
103443830,0,4487898,4183728,26.74,100,1,0
103450760,0,4491675,4490180,26.73,1000,1,0
103450910,0,4491675,4491784,26.75,4100,2,0
103455800,0,4493892,4494509,26.74,600,2,0
103500810,0,4493892,4497490,26.74,200,2,0
103503890,0,4493892,4499244,26.74,5500,2,0
103504110,0,4493892,4499353,26.74,1000,2,0
103504540,0,4477053,4499580,26.72,100,2,0
103504540,0,4477053,4499581,26.72,100,2,0
103505320,0,4500124,4499744,26.72,400,1,0
103507550,0,4500513,4501558,26.71,300,2,0
103507580,0,4462530,4501568,26.7,100,2,0
103510570,0,4464335,4503295,26.7,300,2,0
103510570,0,4468748,4503295,26.7,100,2,0
103510570,0,4469395,4503296,26.7,300,2,0
103510570,0,4470552,4503296,26.7,100,2,0
103510570,0,4488340,4503296,26.7,100,2,0
103512590,0,4504569,4503514,26.7,900,1,0
103512590,0,4504569,4504235,26.7,400,1,0
103512590,0,4504569,4504399,26.7,200,1,0
103513690,0,4504569,4505461,26.7,200,2,0
103515810,0,4422325,4506729,26.69,200,2,0
103518660,0,4508355,4506602,26.7,500,1,0
103530050,0,4422325,4514632,26.69,500,2,0
103532560,0,4516019,4506602,26.7,400,1,0
103539330,0,4519549,4506602,26.7,100,1,0
103600470,0,4444141,4530090,26.69,2100,2,0
103601900,0,4531297,4510465,26.7,1000,1,0
103601900,0,4531297,4516029,26.7,1100,1,0
103603740,0,4532309,4528494,26.7,500,1,0
103604470,0,4510426,4532740,26.69,1100,2,0
103615580,0,4534183,4538939,26.7,100,2,0
103616780,0,4534183,4539656,26.7,400,2,0
103623460,0,4534183,4543276,26.7,400,2,0
103623460,0,4541808,4543276,26.7,200,2,0
103625090,0,4541808,4544168,26.7,100,2,0
103625420,0,4541808,4544385,26.7,400,2,0
103628810,0,4545876,4546354,26.72,200,2,0
103649080,0,4555016,4557127,26.71,300,2,0
103649420,0,4557282,4557127,26.71,200,1,0
103649670,0,4557412,4557127,26.71,100,1,0
103650910,0,4557993,4557127,26.71,600,1,0
103658370,0,4561598,4507302,26.74,300,1,0
103708400,0,4567307,4507302,26.74,200,1,0
103723330,0,4575726,4546085,26.75,100,1,0
103723330,0,4575726,4547223,26.75,100,1,0
103731260,0,4579978,4565930,26.75,100,1,0
103748390,0,4582257,4588770,26.75,500,2,0
103748390,0,4582586,4588770,26.75,300,2,0
103756510,0,4590801,4592891,26.76,500,2,0
103804430,0,4582586,4597319,26.75,500,2,0
103809900,0,4582586,4601219,26.75,200,2,0
103810360,0,4601452,4592891,26.76,200,1,0
103814750,0,4585167,4604080,26.75,700,2,0
103815160,0,4602464,4604390,26.75,1200,2,0
103817370,0,4568822,4605694,26.74,100,2,0
103817370,0,4570165,4605694,26.74,100,2,0
103823870,0,4570201,4609237,26.74,200,2,0
103827310,0,4571923,4610932,26.74,100,2,0
103831380,0,4571923,4612894,26.74,200,2,0
103833670,0,4571923,4614077,26.74,1200,2,0
103834230,0,4581479,4614366,26.74,2000,2,0
103844390,0,4619711,4614366,26.74,100,1,0
103844670,0,4619872,4614366,26.74,1100,1,0
103846620,0,4620673,4614366,26.74,200,1,0
103855390,0,4625176,4614366,26.74,100,1,0
103855900,0,4625400,4614366,26.74,500,1,0
103858960,0,4626928,4625529,26.74,500,1,0
103912010,0,4626928,4634122,26.74,500,2,0
103917340,0,4626928,4637139,26.74,6500,2,0
103917630,0,4631813,4637364,26.74,600,2,0
103917800,0,4631813,4637450,26.74,200,2,0
103919190,0,4562269,4638558,26.73,200,2,0
103920350,0,4562269,4639465,26.73,400,2,0
103920350,0,4562269,4639467,26.73,300,2,0
103920350,0,4562269,4639468,26.73,400,2,0
103920350,0,4562269,4639469,26.73,300,2,0
103920350,0,4562269,4639470,26.73,300,2,0
103920350,0,4562269,4639471,26.73,400,2,0
103920350,0,4562269,4639472,26.73,500,2,0
103920350,0,4562269,4639480,26.73,100,2,0
103920380,0,4562269,4639504,26.73,400,2,0
103920430,0,4562269,4639555,26.73,500,2,0
103920690,0,4562269,4639706,26.73,100,2,0
103920690,0,4562269,4639707,26.73,800,2,0
103920750,0,4562269,4639739,26.73,2400,2,0
103922010,0,4562269,4640452,26.73,10200,2,0
103922010,0,4565354,4640452,26.73,100,2,0
103922010,0,4566802,4640452,26.73,100,2,0
103922010,0,4566803,4640452,26.73,100,2,0
103922010,0,4568505,4640452,26.73,300,2,0
103922010,0,4571164,4640452,26.73,800,2,0
103922010,0,4609410,4640452,26.73,900,2,0
103922010,0,4626094,4640452,26.73,100,2,0
103922010,0,4632069,4640452,26.73,100,2,0
103922010,0,4637173,4640452,26.73,800,2,0
103922240,0,4543334,4640617,26.7,100,2,0
103922240,0,4551263,4640617,26.7,200,2,0
103925090,0,4555020,4642347,26.7,100,2,0
103928940,0,4643853,4644309,26.72,200,2,0
103928940,0,4555020,4644310,26.7,800,2,0
103928940,0,4555020,4644311,26.7,1000,2,0
103928940,0,4555020,4644313,26.7,1200,2,0
103944880,0,4646952,4652597,26.71,800,2,0
103949880,0,4592119,4654956,26.7,400,2,0
103950330,0,4542775,4655146,26.69,800,2,0
104001490,0,4660372,4652597,26.71,100,1,0
104001750,0,4660514,4652597,26.71,100,1,0
104008030,0,4657118,4664451,26.69,2800,2,0
104015930,0,4669208,4665491,26.69,3300,1,0
104019060,0,4671014,4665491,26.69,200,1,0
104032030,0,4445349,4677279,26.68,400,2,0
104038600,0,4445349,4680464,26.68,600,2,0
104042910,0,4681291,4682452,26.69,2200,2,0
104043790,0,4445349,4682886,26.68,900,2,0
104053160,0,4685905,4687572,26.69,100,2,0
104055920,0,4685912,4688991,26.69,300,2,0
104106920,0,4694695,4694550,26.69,100,1,0
104120010,0,4657992,4701317,26.68,300,2,0
104130890,0,4678797,4706314,26.68,300,2,0
104133390,0,4687056,4707778,26.68,200,2,0
104140640,0,4691802,4711890,26.68,200,2,0
104141150,0,4712196,4701150,26.69,200,1,0
104142470,0,4712859,4706337,26.69,900,1,0
104142470,0,4712859,4706476,26.69,500,1,0
104142470,0,4712859,4706746,26.69,400,1,0
104144650,0,4713922,4706746,26.69,300,1,0
104148500,0,4713922,4715760,26.69,200,2,0
104148810,0,4713922,4715883,26.69,400,2,0
104212470,0,4715916,4727993,26.69,400,2,0
104229100,0,4715916,4736551,26.69,100,2,0
104229600,0,4715916,4736832,26.69,1500,2,0
104229600,0,4718812,4736832,26.69,300,2,0
104229600,0,4719530,4736832,26.69,100,2,0
104229600,0,4719531,4736832,26.69,300,2,0
104244960,0,4744260,4662537,26.7,100,1,0
104246250,0,4722195,4744869,26.69,400,2,0
104246280,0,4722195,4744882,26.69,400,2,0
104303110,0,4753128,4662537,26.7,200,1,0
104303410,0,4753276,4662537,26.7,100,1,0
104308220,0,4722195,4756602,26.69,100,2,0
104313700,0,4731197,4759583,26.69,1100,2,0
104313700,0,4717644,4759583,26.68,400,2,0
104313910,0,4759683,4759583,26.68,100,1,0
104317580,0,4761986,4662537,26.7,500,1,0
104319650,0,4763335,4717187,26.7,3600,1,0
104319650,0,4763335,4652597,26.71,12600,1,0
104319920,0,4763469,4652597,26.71,100,1,0
104320360,0,4763762,4652597,26.71,200,1,0
104320360,0,4763771,4652597,26.71,300,1,0
104320590,0,4763918,4652597,26.71,100,1,0
104320770,0,4763997,4652597,26.71,600,1,0
104323380,0,4765455,4652597,26.71,100,1,0
104323380,0,4765456,4652597,26.71,100,1,0
104323380,0,4765457,4652597,26.71,100,1,0
104323380,0,4765458,4652597,26.71,100,1,0
104323380,0,4765461,4652597,26.71,100,1,0
104323390,0,4765470,4652597,26.71,700,1,0
104323390,0,4765471,4652597,26.71,1200,1,0
104323420,0,4765478,4652597,26.71,100,1,0
104323420,0,4765480,4652597,26.71,100,1,0
104326360,0,4767059,4652597,26.71,100,1,0
104328800,0,4768481,4652597,26.71,100,1,0
104328800,0,4768484,4652597,26.71,100,1,0
104329110,0,4763431,4768685,26.7,400,2,0
104329110,0,4768690,4652597,26.71,100,1,0
104338500,0,4763433,4773545,26.7,900,2,0
104347410,0,4763602,4777924,26.69,100,2,0
104347980,0,4759698,4778231,26.68,300,2,0
104348270,0,4778404,4778431,26.69,400,2,0
104348270,0,4778406,4778431,26.69,200,2,0
104350260,0,4759780,4779763,26.68,300,2,0
104350260,0,4766345,4779763,26.68,400,2,0
104353910,0,4774958,4782034,26.68,500,2,0
104359820,0,2811103,4785371,26.67,600,2,0
104403020,0,4787179,4784221,26.69,400,1,0
104404880,0,4787179,4788497,26.69,100,2,0
104412750,0,4793647,4791434,26.69,500,1,0
104415830,0,4793647,4795223,26.69,200,2,0
104418820,0,4786068,4796779,26.68,400,2,0
104429770,0,4798474,4801697,26.69,100,2,0
104429770,0,4786068,4801697,26.68,800,2,0
104433340,0,4803367,4801878,26.69,200,1,0
104435230,0,4786107,4804146,26.68,200,2,0
104435230,0,4788783,4804146,26.68,100,2,0
104435230,0,4791525,4804146,26.68,200,2,0
104439490,0,4806106,4805841,26.69,200,1,0
104439820,0,4795674,4806243,26.68,100,2,0
104444800,0,4808526,4806243,26.68,500,1,0
104505790,0,4819747,4807555,26.68,200,1,0
104505790,0,4819747,4808018,26.68,100,1,0
104511880,0,4823717,4810029,26.69,200,1,0
104511880,0,4823718,4810029,26.69,200,1,0
104511900,0,4823732,4810029,26.69,300,1,0
104529850,0,4834911,4792749,26.7,900,1,0
104536070,0,4838006,4836710,26.69,1500,1,0
104537720,0,4838951,4838781,26.69,100,1,0
104544700,0,4842882,4838241,26.7,500,1,0
104556940,0,4849972,4652597,26.71,300,1,0
104600970,0,4852252,4652597,26.71,200,1,0
104602750,0,4853435,4652597,26.71,1000,1,0
104608180,0,4842882,4857159,26.7,100,2,0
104609320,0,4857931,4779471,26.71,500,1,0
104609320,0,4857931,4851742,26.71,500,1,0
104610270,0,4858439,4851979,26.71,100,1,0
104612160,0,4859486,4852045,26.71,300,1,0
104625990,0,4866861,4745872,26.72,700,1,0
104633890,0,4870974,4738356,26.73,200,1,0
104633890,0,4870974,4869923,26.73,100,1,0
104644840,0,4876174,4796455,26.74,200,1,0
104644840,0,4876174,4871447,26.74,1500,1,0
104646150,0,4876215,4876680,26.73,400,2,0
104656180,0,4881019,4871447,26.74,800,1,0
104705160,0,4876215,4885838,26.73,200,2,0
104705690,0,4876215,4886293,26.73,100,2,0
104708190,0,4876215,4887767,26.73,100,2,0
104712760,0,4876215,4890104,26.73,400,2,0
104713860,0,4876215,4890654,26.73,300,2,0
104713860,0,4876215,4890661,26.73,300,2,0
104714130,0,4890799,4871447,26.74,400,1,0
104716960,0,4892240,4871447,26.74,100,1,0
104731070,0,4898758,4889849,26.74,2000,1,0
104732470,0,4899383,4891833,26.74,700,1,0
104732470,0,4899383,4898962,26.74,100,1,0
104748870,0,4907095,4635983,26.75,100,1,0
104750320,0,4904505,4907750,26.74,100,2,0
104750320,0,4877695,4907750,26.73,100,2,0
104802330,0,4914349,4871319,26.75,500,1,0
104806300,0,4916673,4604738,26.76,400,1,0
104808350,0,4914349,4918125,26.75,2000,2,0
104813010,0,4921075,4604738,26.76,300,1,0
104813010,0,4921075,4649059,26.76,100,1,0
104813010,0,4921075,4746994,26.76,400,1,0
104813010,0,4921075,4867258,26.76,200,1,0
104819860,0,4923548,4924663,26.76,700,2,0
104825100,0,4926842,4927430,26.76,100,2,0
104825850,0,4926842,4927915,26.76,400,2,0
104825850,0,4926842,4927916,26.76,100,2,0
104825850,0,4926842,4927917,26.76,400,2,0
104825850,0,4927001,4927917,26.76,500,2,0
104827240,0,4928735,4927917,26.76,500,1,0
104832230,0,4931244,4598542,26.77,900,1,0
104832270,0,4931268,4598542,26.77,1100,1,0
104835110,0,4931560,4932585,26.76,300,2,0
104836360,0,4933239,4932597,26.76,100,1,0
104847080,0,4938119,4627678,26.77,400,1,0
104847080,0,4938119,4867756,26.77,500,1,0
104847080,0,4938119,4888190,26.77,100,1,0
104847080,0,4938119,4923187,26.77,1000,1,0
104851890,0,4940166,4430435,26.78,1000,1,0
104851890,0,4940166,4889840,26.78,500,1,0
104852270,0,4940166,4940310,26.78,900,2,0
104854300,0,4940737,4941128,26.78,500,2,0
104857260,0,4942278,4023778,26.79,500,1,0
104857260,0,4942278,4259551,26.79,100,1,0
104857260,0,4942278,4936269,26.79,4700,1,0
104857260,0,4942278,4938774,26.79,1200,1,0
104857260,0,4942278,4940524,26.79,400,1,0
104858140,0,4942278,4942587,26.79,300,2,0
104858740,0,4918098,4942852,26.75,200,2,0
104900520,0,4943568,4045612,26.8,500,1,0
104900520,0,4943568,4066645,26.8,200,1,0
104900830,0,4918098,4943677,26.75,200,2,0
104901520,0,4943846,4943974,26.78,200,2,0
104911320,0,4947474,4948966,26.78,100,2,0
104911320,0,4947594,4948966,26.78,100,2,0
104911320,0,4945387,4948966,26.77,300,2,0
104916450,0,4945387,4951747,26.77,300,2,0
104923560,0,4931034,4955351,26.75,700,2,0
104923570,0,4955359,4955242,26.77,700,1,0
104923570,0,4955359,4950515,26.78,2700,1,0
104923660,0,4944308,4955425,26.75,100,2,0
104924050,0,4915001,4955623,26.74,500,2,0
104926340,0,4934074,4957081,26.74,700,2,0
104928890,0,4958630,4957717,26.75,200,1,0
104936180,0,4962494,4951652,26.78,100,1,0
104936580,0,4961596,4962663,26.77,900,2,0
104936880,0,4961596,4962821,26.77,1400,2,0
104936890,0,4961596,4962836,26.77,500,2,0
104946240,0,4963459,4967770,26.75,700,2,0
104954140,0,4963459,4971439,26.75,100,2,0
104959530,0,4963459,4974153,26.75,300,2,0
105002490,0,4975821,4967067,26.76,100,1,0
105002490,0,4975822,4967067,26.76,100,1,0
105005380,0,4977497,4970012,26.77,100,1,0
105012620,0,4976977,4981191,26.76,100,2,0
105025110,0,4979250,4987363,26.76,100,2,0
105052420,0,5000766,4989746,26.76,2300,1,0
105106120,0,5007614,5008341,26.76,1700,2,0
105128300,0,5018837,5014815,26.76,600,1,0
105129270,0,4963459,5019185,26.75,800,2,0
105130410,0,4965934,5019600,26.75,1000,2,0
105130410,0,5017430,5019600,26.75,400,2,0
105130410,0,5019002,5019600,26.75,700,2,0
105136860,0,4935120,5022536,26.74,500,2,0
105141670,0,4935120,5024878,26.74,200,2,0
105155690,0,4961671,5030332,26.74,100,2,0
105211970,0,4976840,5038077,26.74,800,2,0
105215320,0,5005964,5039667,26.74,400,2,0
105238200,0,5028312,5051778,26.74,100,2,0
105244630,0,5043866,5054726,26.74,1600,2,0
105246140,0,5047980,5055294,26.74,800,2,0
105246420,0,5055411,5019600,26.75,800,1,0
105312220,0,5068658,5067077,26.74,500,1,0
105312220,0,5068658,5068020,26.74,200,1,0
105316470,0,4904996,5071963,26.73,700,2,0
105316490,0,4904996,5071964,26.73,400,2,0
105316490,0,4904996,5071965,26.73,400,2,0
105316490,0,4904996,5071966,26.73,400,2,0
105316520,0,4904996,5071998,26.73,500,2,0
105316620,0,4936427,5072058,26.73,400,2,0
105316640,0,5039595,5072071,26.73,200,2,0
105316640,0,5043383,5072071,26.73,200,2,0
105316660,0,5043383,5072096,26.73,600,2,0
105316670,0,5043383,5072103,26.73,300,2,0
105316670,0,5055216,5072103,26.73,200,2,0
105318150,0,5055216,5073224,26.73,100,2,0
105318150,0,5057991,5073224,26.73,800,2,0
105320630,0,5074786,5068020,26.74,100,1,0
105330510,0,4863694,5080608,26.71,100,2,0
105330510,0,4875590,5080608,26.71,900,2,0
105337800,0,4875590,5083985,26.71,200,2,0
105341500,0,4875590,5086492,26.71,600,2,0
105346140,0,4875590,5089684,26.71,700,2,0
105346920,0,4876679,5090400,26.7,1100,2,0
105347390,0,4876679,5090713,26.7,300,2,0
105347990,0,4876679,5091194,26.7,500,2,0
105349990,0,4876679,5092455,26.7,200,2,0
105352600,0,4876679,5094236,26.7,200,2,0
105354030,0,5095121,5095177,26.71,200,2,0
105354030,0,4876679,5095177,26.7,100,2,0
105354320,0,4876679,5095460,26.7,100,2,0
105355620,0,4876679,5096578,26.7,2400,2,0
105358120,0,5052097,5099054,26.7,100,2,0
105358120,0,5086950,5099054,26.7,700,2,0
105358170,0,5086950,5099110,26.7,100,2,0
105358500,0,5087826,5099447,26.7,300,2,0
105359160,0,5090416,5100056,26.7,100,2,0
105400980,0,4838951,5102002,26.69,400,2,0
105402100,0,4838951,5103726,26.69,200,2,0
105402100,0,4838951,5103732,26.69,100,2,0
105402510,0,4838951,5104200,26.69,500,2,0
105403440,0,4838951,5105674,26.69,3700,2,0
105403930,0,4822987,5106342,26.68,300,2,0
105404290,0,4822987,5106864,26.68,200,2,0
105404450,0,4822987,5107109,26.68,200,2,0
105404490,0,4822987,5107154,26.68,200,2,0
105404500,0,4822987,5107186,26.68,200,2,0
105404500,0,4822987,5107187,26.68,200,2,0
105405650,0,5108571,5107602,26.69,200,1,0
105405690,0,5108641,5107602,26.69,200,1,0
105410000,0,4822987,5113848,26.68,800,2,0
105412990,0,4822987,5116153,26.68,1000,2,0
105415450,0,4822987,5117794,26.68,1400,2,0
105415660,0,4822987,5117929,26.68,100,2,0
105416510,0,4822987,5118473,26.68,7600,2,0
105416510,0,4865152,5118473,26.68,2000,2,0
105416510,0,4883506,5118473,26.68,2000,2,0
105416510,0,4918879,5118473,26.68,2000,2,0
105416530,0,4395450,5118481,26.67,500,2,0
105416530,0,4479734,5118485,26.67,400,2,0
105416530,0,4794104,5118488,26.67,300,2,0
105416530,0,4804789,5118494,26.67,100,2,0
105416530,0,4807554,5118494,26.67,100,2,0
105416570,0,2788591,5118529,26.66,500,2,0
105419570,0,2928285,5120199,26.66,2000,2,0
105420840,0,3645730,5120860,26.66,600,2,0
105428200,0,3645730,5125007,26.66,1200,2,0
105429440,0,5125634,5121822,26.67,400,1,0
105434390,0,5125634,5128152,26.67,1000,2,0
105441240,0,5128083,5132152,26.67,500,2,0
105441240,0,5129171,5132152,26.67,100,2,0
105441240,0,5129183,5132152,26.67,300,2,0
105443100,0,3645730,5133280,26.66,200,2,0
105443610,0,3645730,5133663,26.66,4000,2,0
105445380,0,4087192,5134766,26.66,200,2,0
105445380,0,4543840,5134766,26.66,1200,2,0
105445380,0,4564629,5134766,26.66,1000,2,0
105445380,0,4723010,5134766,26.66,300,2,0
105452380,0,3444454,5138632,26.65,500,2,0
105459520,0,4407357,5142657,26.64,100,2,0
105500430,0,4407357,5143179,26.64,100,2,0
105500500,0,4407357,5143218,26.64,1000,2,0
105503390,0,2772343,5144973,26.63,300,2,0
105507580,0,4267252,5147813,26.63,400,2,0
105507750,0,4357600,5147945,26.63,200,2,0
105507750,0,4357600,5147946,26.63,600,2,0
105507750,0,4420268,5147946,26.63,200,2,0
105507750,0,4473899,5147946,26.63,300,2,0
105507890,0,4473899,5148020,26.63,700,2,0
105507890,0,4528762,5148020,26.63,400,2,0
105507890,0,4693134,5148020,26.63,300,2,0
105507890,0,4794879,5148020,26.63,500,2,0
105507890,0,5130137,5148020,26.63,600,2,0
105507890,0,5144325,5148020,26.63,900,2,0
105508210,0,5146137,5148275,26.63,100,2,0
105509530,0,5146137,5149131,26.63,200,2,0
105515710,0,5152883,5145619,26.64,100,1,0
105519260,0,4424195,5154846,26.62,400,2,0
105524700,0,5150617,5157462,26.62,100,2,0
105530660,0,5150617,5160862,26.62,500,2,0
105537730,0,5164628,5156707,26.63,300,1,0
105539680,0,5158514,5165632,26.62,100,2,0
105539830,0,5163148,5165689,26.62,500,2,0
105548460,0,5163148,5169809,26.62,600,2,0
105549270,0,5164510,5170193,26.62,500,2,0
105549270,0,5168590,5170193,26.62,500,2,0
105549790,0,5170343,5170411,26.62,200,2,0
105550270,0,5170626,5170411,26.62,300,1,0
105553200,0,5171797,5156707,26.63,100,1,0
105556180,0,5173175,5145619,26.64,200,1,0
105559240,0,5174370,5174836,26.63,200,2,0
105603150,0,5175213,5176926,26.63,700,2,0
105616560,0,5182659,5184676,26.63,600,2,0
105616600,0,5170626,5184719,26.62,800,2,0
105616600,0,5170626,5184720,26.62,700,2,0
105616600,0,5170626,5184722,26.62,1400,2,0
105616780,0,5170626,5184841,26.62,400,2,0
105617080,0,5170626,5185063,26.62,500,2,0
105617110,0,5170626,5185109,26.62,200,2,0
105617360,0,5170626,5185331,26.62,200,2,0
105617380,0,5170626,5185348,26.62,4200,2,0
105617380,0,5171510,5185348,26.62,400,2,0
105617380,0,5183942,5185348,26.62,200,2,0
105617380,0,5184998,5185348,26.62,100,2,0
105618090,0,1669290,5185878,26.61,200,2,0
105618120,0,5185930,5185348,26.62,200,1,0
105621450,0,2649994,5188134,26.61,500,2,0
105621700,0,2649994,5188257,26.61,200,2,0
105623000,0,2649994,5188977,26.61,400,2,0
105623130,0,3035147,5189046,26.61,400,2,0
105623310,0,3035147,5189128,26.61,100,2,0
105625190,0,3035147,5190305,26.61,100,2,0
105628010,0,3035147,5191875,26.61,600,2,0
105628010,0,4213188,5191875,26.61,300,2,0
105628010,0,4420992,5191875,26.61,400,2,0
105628010,0,4517994,5191875,26.61,500,2,0
105628010,0,4682682,5191875,26.61,4000,2,0
105628010,0,5150125,5191875,26.61,1500,2,0
105628010,0,5169025,5191875,26.61,800,2,0
105628010,0,5169953,5191875,26.61,100,2,0
105628010,0,5172108,5191875,26.61,700,2,0
105628010,0,5180283,5191875,26.61,200,2,0
105628010,0,5183217,5191875,26.61,400,2,0
105628110,0,972504,5191937,26.6,200,2,0
105632930,0,1050911,5194530,26.6,200,2,0
105635840,0,5196166,5191875,26.61,100,1,0
105641320,0,5198910,5191875,26.61,600,1,0
105643740,0,5200025,5191875,26.61,100,1,0
105654830,0,1287150,5205283,26.6,200,2,0
105656640,0,5206173,5191875,26.61,500,1,0
105659540,0,1369896,5207786,26.6,100,2,0
105659540,0,1760708,5207788,26.6,200,2,0
105659890,0,1760708,5207992,26.6,700,2,0
105659890,0,1823909,5207992,26.6,100,2,0
105700250,0,1823909,5208259,26.6,200,2,0
105700580,0,1823909,5208457,26.6,100,2,0
105700580,0,2241935,5208457,26.6,400,2,0
105700950,0,2241935,5208790,26.6,100,2,0
105700950,0,2528841,5208790,26.6,300,2,0
105700950,0,2819764,5208790,26.6,2000,2,0
105700950,0,2898330,5208790,26.6,500,2,0
105700950,0,2966022,5208790,26.6,700,2,0
105700950,0,3175406,5208790,26.6,1000,2,0
105700950,0,3260746,5208790,26.6,500,2,0
105700950,0,3403201,5208790,26.6,100,2,0
105700950,0,3519412,5208790,26.6,1200,2,0
105700950,0,3760742,5208790,26.6,2000,2,0
105700950,0,3827477,5208790,26.6,500,2,0
105700950,0,4387136,5208790,26.6,300,2,0
105700950,0,4392796,5208790,26.6,1000,2,0
105700950,0,4514418,5208790,26.6,5000,2,0
105700950,0,4663271,5208790,26.6,900,2,0
105701600,0,4663271,5209209,26.6,100,2,0
105701750,0,4663271,5209357,26.6,100,2,0
105701750,0,4663271,5209368,26.6,100,2,0
105701750,0,4663271,5209376,26.6,200,2,0
105701750,0,4663271,5209380,26.6,100,2,0
105701760,0,4663271,5209381,26.6,1000,2,0
105701760,0,4663271,5209382,26.6,2900,2,0
105701760,0,4663271,5209388,26.6,200,2,0
105701760,0,4663271,5209389,26.6,200,2,0
105701760,0,4663271,5209393,26.6,100,2,0
105701760,0,4663271,5209395,26.6,300,2,0
105701760,0,4663271,5209405,26.6,100,2,0
105701850,0,4663271,5209463,26.6,100,2,0
105701870,0,4663271,5209490,26.6,100,2,0
105702240,0,4663271,5209756,26.6,2900,2,0
105702240,0,4718453,5209756,26.6,200,2,0
105704750,0,4718453,5211380,26.6,100,2,0
105704750,0,4718453,5211381,26.6,100,2,0
105704750,0,4718453,5211383,26.6,100,2,0
105704770,0,4718453,5211391,26.6,100,2,0
105704790,0,4718453,5211407,26.6,100,2,0
105704790,0,4724698,5211415,26.6,100,2,0
105704810,0,4724698,5211426,26.6,300,2,0
105705240,0,4724698,5211708,26.6,500,2,0
105705240,0,4757086,5211708,26.6,100,2,0
105705240,0,4905088,5211708,26.6,100,2,0
105705240,0,5158527,5211708,26.6,100,2,0
105705240,0,5161334,5211708,26.6,1000,2,0
105705240,0,5171584,5211708,26.6,2000,2,0
105705680,0,5171584,5212077,26.6,700,2,0
105706750,0,5171584,5213131,26.6,100,2,0
105707730,0,5171584,5213849,26.6,100,2,0
105707770,0,5171584,5213867,26.6,600,2,0
105707820,0,5171584,5213986,26.6,800,2,0
105707820,0,5171584,5213989,26.6,100,2,0
105708060,0,5171584,5214194,26.6,3800,2,0
105708060,0,5171835,5214194,26.6,400,2,0
105708060,0,5177232,5214194,26.6,400,2,0
105708060,0,5180587,5214194,26.6,100,2,0
105708060,0,5188687,5214194,26.6,1000,2,0
105708060,0,5190827,5214194,26.6,100,2,0
105708060,0,5193095,5214194,26.6,300,2,0
105708060,0,5196381,5214194,26.6,100,2,0
105708200,0,5196381,5214284,26.6,100,2,0
105712250,0,5196381,5216827,26.6,400,2,0
105712250,0,5202809,5216827,26.6,500,2,0
105712250,0,5207790,5216827,26.6,100,2,0
105719160,0,5220718,5219337,26.6,100,1,0
105722160,0,823544,5222286,26.59,400,2,0
105722160,0,3396135,5222286,26.59,200,2,0
105722160,0,4325656,5222286,26.59,200,2,0
105722850,0,5222685,5221576,26.6,300,1,0
105722920,0,5205260,5222725,26.59,500,2,0
105722920,0,843486,5222725,26.58,1000,2,0
105722920,0,968774,5222725,26.58,1000,2,0
105722920,0,1891074,5222725,26.58,300,2,0
105736280,0,5228626,5228891,26.6,400,2,0
105736280,0,5223664,5228891,26.59,1800,2,0
105738860,0,5230010,5229662,26.59,200,1,0
105748790,0,4021460,5235032,26.58,400,2,0
105749440,0,5235143,5235318,26.59,300,2,0
105757350,0,5221218,5239055,26.58,100,2,0
105757350,0,5237088,5239055,26.58,100,2,0
105804860,0,902641,5243161,26.57,600,2,0
105806880,0,5244326,5240282,26.58,100,1,0
105808180,0,1670949,5245270,26.57,100,2,0
105811140,0,2483290,5247405,26.57,200,2,0
105812550,0,2483290,5248297,26.57,200,2,0
105812550,0,3548003,5248297,26.57,200,2,0
105812550,0,5199975,5248297,26.57,400,2,0
105813140,0,5226976,5248570,26.57,300,2,0
105820160,0,5248717,5252205,26.58,500,2,0
105834590,0,5259574,5257878,26.58,200,1,0
105843840,0,5264496,5247919,26.6,2800,1,0
105844920,0,5265027,5264467,26.6,500,1,0
105847230,0,5237464,5266039,26.57,1000,2,0
105851400,0,5266057,5268027,26.58,200,2,0
105851840,0,5268269,5267821,26.59,200,1,0
105858910,0,5270011,5271653,26.59,100,2,0
105859300,0,5270011,5271843,26.59,1100,2,0
105900470,0,5272128,5272451,26.59,400,2,0
105902040,0,5266057,5273383,26.58,500,2,0
105905020,0,5273913,5275244,26.59,400,2,0
105907280,0,5276630,5270553,26.6,1400,1,0
105907980,0,5277146,5270553,26.6,600,1,0
105907980,0,5277146,5271259,26.6,200,1,0
105907980,0,5277146,5272082,26.6,100,1,0
105907980,0,5277146,5273401,26.6,600,1,0
105907980,0,5277146,5203371,26.61,100,1,0
105908140,0,5277284,5203371,26.61,200,1,0
105908170,0,5277318,5203371,26.61,200,1,0
105911330,0,5279701,5203371,26.61,200,1,0
105911550,0,5278042,5279834,26.6,300,2,0
105911710,0,5279924,5203371,26.61,300,1,0
105912100,0,5280176,5203371,26.61,100,1,0
105913660,0,5281131,5203371,26.61,100,1,0
105913660,0,5281136,5203371,26.61,100,1,0
105921210,0,5285039,5267347,26.61,200,1,0
105922530,0,5285039,5285620,26.61,700,2,0
105922530,0,5279715,5285620,26.59,600,2,0
105937440,0,5292799,5260190,26.63,300,1,0
105941510,0,5292762,5294791,26.62,2400,2,0
105950900,0,5299029,5183824,26.64,200,1,0
105952930,0,5299029,5299863,26.64,400,2,0
105953740,0,5292914,5300278,26.62,100,2,0
110000140,0,5301287,5303553,26.62,3000,2,0
110001930,0,5304675,5304325,26.63,200,1,0
110001950,0,5301287,5304680,26.62,1000,2,0
110002230,0,5304858,5304325,26.63,500,1,0
110003370,0,5301287,5305654,26.62,600,2,0
110004950,0,5301287,5306616,26.62,700,2,0
110006350,0,5301287,5307714,26.62,500,2,0
110006470,0,5301287,5307831,26.62,200,2,0
110007370,0,5301287,5308561,26.62,100,2,0
110007670,0,5301287,5308757,26.62,300,2,0
110007670,0,5305213,5308757,26.62,300,2,0
110007940,0,5306707,5308964,26.62,400,2,0
110008190,0,5294970,5309255,26.6,100,2,0
110016720,0,5279800,5315264,26.59,900,2,0
110018610,0,5316487,5313522,26.61,100,1,0
110031410,0,5279800,5324428,26.59,1000,2,0
110031410,0,5312467,5324428,26.59,200,2,0
110031450,0,5312467,5324450,26.59,100,2,0
110041300,0,5320403,5330302,26.59,500,2,0
110043040,0,5324837,5331222,26.59,500,2,0
110043040,0,5266951,5331222,26.58,300,2,0
110053600,0,5334665,5336901,26.59,500,2,0
110058290,0,5339408,5327337,26.6,500,1,0
110101390,0,5334665,5341198,26.59,700,2,0
110101970,0,5341536,5341584,26.59,400,2,0
110102860,0,5266951,5342092,26.58,100,2,0
110105260,0,5271416,5343632,26.58,200,2,0
110108460,0,5271416,5346079,26.58,500,2,0
110109460,0,5271416,5346842,26.58,200,2,0
110109480,0,5271416,5346843,26.58,1000,2,0
110109710,0,5271416,5347172,26.58,100,2,0
110109760,0,5271416,5347228,26.58,200,2,0
110111160,0,5271416,5348272,26.58,500,2,0
110111690,0,5271416,5348712,26.58,500,2,0
110113590,0,5271416,5350131,26.58,200,2,0
110114100,0,5271416,5350452,26.58,200,2,0
110114580,0,5350774,5341584,26.59,200,1,0
110116590,0,5281980,5352189,26.58,500,2,0
110117480,0,5281980,5352852,26.58,400,2,0
110117650,0,5283123,5353022,26.58,1000,2,0
110117960,0,5283123,5353285,26.58,200,2,0
110118770,0,5283123,5353806,26.58,500,2,0
110119570,0,5283123,5354294,26.58,100,2,0
110119870,0,5292115,5354532,26.58,500,2,0
110120130,0,5330101,5354684,26.58,600,2,0
110120290,0,5330101,5354919,26.58,700,2,0
110120560,0,5330101,5355155,26.58,300,2,0
110120940,0,5330101,5355423,26.58,1000,2,0
110125670,0,5330101,5357955,26.58,100,2,0
110127670,0,5330101,5359116,26.58,500,2,0
110128120,0,5330101,5359395,26.58,600,2,0
110128460,0,5330101,5359610,26.58,200,2,0
110130340,0,5360670,5343112,26.59,300,1,0
110130940,0,5350160,5361089,26.58,7800,2,0
110131690,0,5352913,5361552,26.58,100,2,0
110131700,0,5241547,5361562,26.57,800,2,0
110135040,0,5245109,5363203,26.57,100,2,0
110135860,0,5363706,5361842,26.58,100,1,0
110135860,0,5363706,5361846,26.58,100,1,0
110139450,0,5258649,5365645,26.57,200,2,0
110139450,0,5274299,5365645,26.57,500,2,0
110139450,0,5295345,5365645,26.57,1100,2,0
110142170,0,5356615,5367069,26.57,600,2,0
110146490,0,5361674,5369402,26.57,100,2,0
110147070,0,5361970,5369941,26.57,1000,2,0
110147070,0,1116045,5369941,26.56,300,2,0
110147070,0,2149102,5369941,26.56,3000,2,0
110147070,0,5233277,5369941,26.56,1000,2,0
110150610,0,5370975,5371830,26.57,200,2,0
110153960,0,5250414,5373427,26.56,100,2,0
110156450,0,5363937,5374680,26.56,200,2,0
110157660,0,5374631,5375183,26.56,100,2,0
110200630,0,811726,5376583,26.55,200,2,0
110200910,0,2021033,5376711,26.55,300,2,0
110201780,0,5377188,5375183,26.56,2000,1,0
110203210,0,2021033,5378193,26.55,200,2,0
110206360,0,4384314,5380156,26.55,400,2,0
110206360,0,5232477,5380156,26.55,200,2,0
110206360,0,5253126,5380156,26.55,200,2,0
110206360,0,5289347,5380156,26.55,200,2,0
110206560,0,5289347,5380252,26.55,1800,2,0
110209650,0,5289347,5382172,26.55,300,2,0
110210700,0,5289347,5382872,26.55,100,2,0
110212010,0,5289347,5383836,26.55,3800,2,0
110213650,0,5289347,5384962,26.55,1000,2,0
110213980,0,5289347,5385208,26.55,1000,2,0
110213980,0,5304406,5385208,26.55,1000,2,0
110213980,0,5313824,5385208,26.55,1000,2,0
110213980,0,5361677,5385208,26.55,900,2,0
110214300,0,5361677,5385501,26.55,100,2,0
110216820,0,1024614,5387142,26.54,100,2,0
110216930,0,5247016,5387214,26.54,100,2,0
110220890,0,5359988,5389499,26.54,200,2,0
110224190,0,5359988,5391225,26.54,200,2,0
110227810,0,5393390,5386901,26.55,2600,1,0
110227810,0,5393390,5387026,26.55,300,1,0
110228250,0,5365553,5393719,26.54,200,2,0
110228250,0,5381877,5393719,26.54,100,2,0
110228250,0,5388122,5393719,26.54,500,2,0
110228680,0,5394192,5387026,26.55,100,1,0
110231130,0,5393616,5395621,26.54,200,2,0
110231200,0,5395727,5387027,26.55,200,1,0
110234400,0,1767965,5397858,26.53,300,2,0
110234400,0,3366699,5397858,26.53,500,2,0
110235350,0,3921806,5398532,26.53,200,2,0
110236350,0,3921806,5399098,26.53,200,2,0
110236970,0,5399494,5396062,26.54,300,1,0
110237330,0,3921806,5399682,26.53,600,2,0
110239080,0,5397261,5400712,26.53,700,2,0
110239600,0,5397261,5400944,26.53,200,2,0
110239770,0,5401038,5396062,26.54,200,1,0
110239770,0,5401038,5397505,26.54,300,1,0
110242980,0,5368375,5402783,26.52,2000,2,0
110242980,0,1292062,5402783,26.51,300,2,0
110242980,0,4755352,5402783,26.51,100,2,0
110242980,0,5385519,5402783,26.51,500,2,0
110242980,0,5402317,5402783,26.51,1000,2,0
110242980,0,753816,5402783,26.5,500,2,0
110242980,0,757840,5402783,26.5,500,2,0
110242980,0,999697,5402783,26.5,500,2,0
110242980,0,1200267,5402783,26.5,500,2,0
110242980,0,1576744,5402783,26.5,500,2,0
110242980,0,1987003,5402783,26.5,1000,2,0
110242980,0,2068733,5402783,26.5,100,2,0
110242980,0,2114847,5402783,26.5,300,2,0
110242980,0,2286618,5402783,26.5,200,2,0
110242980,0,2581697,5402783,26.5,100,2,0
110242980,0,3031524,5402783,26.5,100,2,0
110242980,0,3299926,5402783,26.5,100,2,0
110242980,0,3628549,5402783,26.5,200,2,0
110242980,0,4309754,5402783,26.5,300,2,0
110242980,0,4498327,5402783,26.5,2700,2,0
110242980,0,4789138,5402783,26.5,500,2,0
110242980,0,5164339,5402783,26.5,500,2,0
110242980,0,5234598,5402783,26.5,100,2,0
110242980,0,5245209,5402783,26.5,1000,2,0
110242980,0,5270839,5402783,26.5,2000,2,0
110242980,0,5311504,5402783,26.5,400,2,0
110242980,0,5393876,5402783,26.5,100,2,0
110243450,0,5403022,5402783,26.5,200,1,0
110243640,0,5403118,5402783,26.5,100,1,0
110244090,0,5403372,5402783,26.5,8500,1,0
110244090,0,5403375,5402783,26.5,1600,1,0
110244110,0,5403378,5402783,26.5,1000,1,0
110244110,0,5403381,5402783,26.5,200,1,0
110244410,0,5403541,5402783,26.5,100,1,0
110244410,0,5403544,5402783,26.5,200,1,0
110244410,0,5403546,5402783,26.5,300,1,0
110244410,0,5403547,5402783,26.5,400,1,0
110244410,0,5403548,5402783,26.5,100,1,0
110244410,0,5403550,5402783,26.5,100,1,0
110244410,0,5403557,5402783,26.5,1300,1,0
110244410,0,5403559,5402783,26.5,200,1,0
110244440,0,5403560,5402783,26.5,400,1,0
110244440,0,5403562,5402783,26.5,500,1,0
110244440,0,5403563,5402783,26.5,700,1,0
110244440,0,5403566,5402783,26.5,1300,1,0
110244440,0,5403567,5402783,26.5,1000,1,0
110244440,0,5403568,5402783,26.5,200,1,0
110244440,0,5403569,5402783,26.5,1000,1,0
110244440,0,5403576,5402783,26.5,100,1,0
110244660,0,5403673,5402783,26.5,300,1,0
110245090,0,5403897,5402783,26.5,300,1,0
110245450,0,5404098,5402783,26.5,200,1,0
110245630,0,5404171,5402783,26.5,100,1,0
110246640,0,5404718,5402783,26.5,200,1,0
110246640,0,5404719,5402783,26.5,100,1,0
110248950,0,741547,5405951,26.49,500,2,0
110251890,0,5403031,5407396,26.49,100,2,0
110252610,0,5407761,5407396,26.49,3000,1,0
110253680,0,5407924,5408285,26.49,500,2,0
110253680,0,5408100,5408285,26.49,100,2,0
110255650,0,5409286,5408285,26.49,100,1,0
110255650,0,5409296,5408285,26.49,100,1,0
110256270,0,5409591,5408285,26.49,100,1,0
110256350,0,5409618,5408831,26.49,100,1,0
110257420,0,1320190,5410153,26.48,100,2,0
110257480,0,5410176,5409769,26.49,100,1,0
110258690,0,5410827,5409769,26.49,200,1,0
110259110,0,5411110,5409769,26.49,900,1,0
110259290,0,5411272,5409769,26.49,100,1,0
110259670,0,5411590,5409769,26.49,500,1,0
110301270,0,2742382,5412823,26.48,300,2,0
110301340,0,2742382,5412870,26.48,100,2,0
110301710,0,2742382,5413228,26.48,300,2,0
110301710,0,2742382,5413229,26.48,100,2,0
110301710,0,4447741,5413229,26.48,200,2,0
110301710,0,4824137,5413229,26.48,200,2,0
110302270,0,5407779,5413733,26.48,300,2,0
110303390,0,5407779,5414771,26.48,200,2,0
110303640,0,5407779,5415044,26.48,200,2,0
110303720,0,5409775,5415110,26.48,400,2,0
110303780,0,5415167,5409769,26.49,100,1,0
110303780,0,5415167,5409981,26.49,900,1,0
110304680,0,5407395,5415843,26.47,500,2,0
110305990,0,5416745,5409981,26.49,400,1,0
110306810,0,5417236,5409981,26.49,1000,1,0
110307220,0,5416739,5417527,26.48,100,2,0
110307610,0,5417791,5417527,26.48,3000,1,0
110307710,0,5407395,5417843,26.47,300,2,0
110309930,0,5412079,5419108,26.47,100,2,0
110309930,0,5418330,5419108,26.47,200,2,0
110310530,0,5418330,5419504,26.47,1300,2,0
110310530,0,5411155,5419504,26.46,200,2,0
110311020,0,5411155,5419876,26.46,100,2,0
110311240,0,5420014,5420003,26.46,500,1,0
110311240,0,5420014,5417527,26.48,3400,1,0
110311720,0,5420014,5420306,26.48,700,2,0
110314220,0,5420014,5421602,26.48,4000,2,0
110314850,0,5420014,5421965,26.48,200,2,0
110314880,0,5420014,5421977,26.48,200,2,0
110317460,0,5420107,5423225,26.46,300,2,0
110317460,0,5420108,5423225,26.46,500,2,0
110317460,0,5420109,5423225,26.46,500,2,0
110317460,0,5420110,5423225,26.46,400,2,0
110317460,0,5421073,5423225,26.46,300,2,0
110317460,0,5421074,5423225,26.46,500,2,0
110318220,0,5423660,5422547,26.48,800,1,0
110318690,0,5423914,5422547,26.48,3200,1,0
110318690,0,5423915,5422547,26.48,2200,1,0
110318690,0,5423915,5422653,26.48,100,1,0
110319660,0,5424435,5424236,26.47,200,1,0
110320300,0,5424737,5409981,26.49,700,1,0
110323390,0,5424471,5426295,26.48,100,2,0
110323390,0,5424440,5426295,26.47,800,2,0
110323390,0,5424589,5426295,26.47,100,2,0
110323390,0,5421074,5426295,26.46,3200,2,0
110323520,0,5426304,5426337,26.48,1100,2,0
110329150,0,5421074,5429459,26.46,500,2,0
110334650,0,5431445,5432445,26.48,800,2,0
110335350,0,5432868,5412174,26.49,500,1,0
110338410,0,5431445,5434358,26.48,800,2,0
110341760,0,5430390,5436569,26.47,300,2,0
110341760,0,5433427,5436569,26.47,800,2,0
110341760,0,5421074,5436569,26.46,400,2,0
110341760,0,5421671,5436569,26.46,100,2,0
110341760,0,5422566,5436569,26.46,400,2,0
110357140,0,5439246,5445924,26.47,200,2,0
110359440,0,5441540,5447303,26.47,1000,2,0
110403420,0,5445740,5449845,26.47,100,2,0
110404660,0,5422566,5450647,26.46,200,2,0
110409740,0,5453815,5441622,26.48,1300,1,0
110419010,0,5459196,5431841,26.49,800,1,0
110421440,0,5460770,5403665,26.51,700,1,0
110421440,0,5460770,5424740,26.51,100,1,0
110443080,0,5474929,5468834,26.51,700,1,0
110447640,0,5477726,5476801,26.5,100,1,0
110455310,0,5481420,5471467,26.51,200,1,0
110455400,0,5479161,5481461,26.5,200,2,0
110455400,0,5479458,5481461,26.5,100,2,0
110455400,0,5480796,5481461,26.5,1000,2,0
110455400,0,5481001,5481461,26.5,200,2,0
110455400,0,5466240,5481461,26.49,500,2,0
110455400,0,5468433,5481461,26.49,1000,2,0
110455400,0,5468608,5481461,26.49,100,2,0
110455400,0,5473754,5481461,26.49,1000,2,0
110455400,0,5474163,5481461,26.49,300,2,0
110455400,0,5474521,5481461,26.49,200,2,0
110455400,0,5477094,5481461,26.49,500,2,0
110455400,0,5477972,5481461,26.49,400,2,0
110455400,0,5480432,5481461,26.49,1000,2,0
110507790,0,5488627,5488494,26.48,100,1,0
110507790,0,5488628,5488494,26.48,200,1,0
110507790,0,5488629,5488494,26.48,300,1,0
110507790,0,5488630,5488494,26.48,100,1,0
110507790,0,5488631,5488494,26.48,1300,1,0
110507790,0,5488632,5488494,26.48,500,1,0
110507790,0,5488632,5488547,26.48,800,1,0
110507790,0,5488633,5488547,26.48,400,1,0
110509580,0,5489506,5480143,26.51,800,1,0
110510750,0,5488643,5490193,26.48,100,2,0
110511900,0,5490203,5490909,26.49,300,2,0
110513200,0,5488646,5491534,26.48,200,2,0
110518670,0,5488687,5494591,26.48,2500,2,0
110524320,0,5493225,5497812,26.48,500,2,0
110524320,0,5493475,5497812,26.48,1000,2,0
110524320,0,5494399,5497812,26.48,100,2,0
110524320,0,5494528,5497812,26.48,200,2,0
110532340,0,5502357,5501674,26.5,100,1,0
110532340,0,5502359,5501674,26.5,100,1,0
110532350,0,5502363,5501674,26.5,100,1,0
110535690,0,5504116,5501674,26.5,100,1,0
110538860,0,5504707,5505558,26.5,3100,2,0
110538860,0,5499194,5505558,26.48,3000,2,0
110538860,0,5503118,5505558,26.48,2000,2,0
110539070,0,5505657,5505558,26.48,2400,1,0
110543470,0,5507761,5480143,26.51,500,1,0
110547310,0,5509650,5480143,26.51,1000,1,0
110548580,0,5510308,5480143,26.51,300,1,0
110554210,0,5506947,5513008,26.5,100,2,0
110600100,0,5506947,5515953,26.5,100,2,0
110602230,0,5513498,5517234,26.5,500,2,0
110607560,0,5520301,5480143,26.51,100,1,0
110621110,0,5527107,5480143,26.51,300,1,0
110623040,0,5517041,5528017,26.5,100,2,0
110626660,0,5522236,5530247,26.5,200,2,0
110630210,0,5532122,5480143,26.51,400,1,0
110631540,0,5526594,5532828,26.5,500,2,0
110631700,0,5532923,5493381,26.51,100,1,0
110633280,0,5526759,5533793,26.5,900,2,0
110640080,0,5526759,5537281,26.5,500,2,0
110642940,0,5526759,5538580,26.5,300,2,0
110647170,0,5540571,5493381,26.51,400,1,0
110648670,0,5541345,5494160,26.51,100,1,0
110649900,0,5542030,5503692,26.51,100,1,0
110650600,0,5542435,5503692,26.51,900,1,0
110651340,0,5542789,5503692,26.51,200,1,0
110701100,0,5547626,5503692,26.51,300,1,0
110701800,0,5526759,5547992,26.5,2300,2,0
110703760,0,5526759,5549045,26.5,200,2,0
110704830,0,5549534,5503692,26.51,100,1,0
110705660,0,5550047,5503692,26.51,500,1,0
110708020,0,5526759,5551155,26.5,200,2,0
110709150,0,5526823,5551670,26.5,500,2,0
110711790,0,5526823,5552906,26.5,200,2,0
110711910,0,5530572,5552983,26.5,200,2,0
110711910,0,5531760,5552983,26.5,100,2,0
110711910,0,5535226,5552983,26.5,200,2,0
110713040,0,5535226,5553741,26.5,1100,2,0
110713230,0,5553984,5503692,26.51,100,1,0
110713780,0,5554396,5503692,26.51,300,1,0
110713790,0,5535226,5554408,26.5,200,2,0
110714180,0,5535226,5554761,26.5,200,2,0
110714680,0,5537025,5555185,26.5,200,2,0
110714880,0,5537025,5555332,26.5,200,2,0
110714930,0,5537025,5555384,26.5,200,2,0
110716490,0,5537025,5556524,26.5,300,2,0
110716560,0,5538399,5556585,26.5,100,2,0
110716760,0,5538399,5556683,26.5,1000,2,0
110718030,0,5541339,5557475,26.5,200,2,0
110718030,0,5542053,5557475,26.5,100,2,0
110722950,0,5553623,5560593,26.5,600,2,0
110724020,0,5561159,5560841,26.5,100,1,0
110724020,0,5561159,5560987,26.5,200,1,0
110735320,0,5566922,5566624,26.49,300,1,0
110738920,0,5568491,5566624,26.49,100,1,0
110739190,0,5507425,5568588,26.48,4300,2,0
110739190,0,5513331,5568588,26.48,800,2,0
110739190,0,5518485,5568588,26.48,1000,2,0
110739190,0,5527814,5568588,26.48,1600,2,0
110739190,0,5544079,5568588,26.48,200,2,0
110739190,0,5545149,5568588,26.48,500,2,0
110739190,0,5545281,5568588,26.48,500,2,0
110739190,0,5562811,5568588,26.48,100,2,0
110739190,0,5564602,5568588,26.48,1000,2,0
110741990,0,5569817,5568588,26.48,600,1,0
110741990,0,5569817,5569503,26.48,800,1,0
110741990,0,5569817,5569522,26.48,200,1,0
110741990,0,5569817,5566624,26.49,400,1,0
110752770,0,5431429,5574857,26.46,300,2,0
110752770,0,5431899,5574857,26.46,200,2,0
110800590,0,5432426,5578108,26.46,1000,2,0
110802080,0,5578843,5575393,26.47,500,1,0
110804620,0,5432426,5580034,26.46,200,2,0
110808760,0,5582025,5578913,26.47,100,1,0
110811450,0,5432426,5583122,26.46,600,2,0
110818450,0,5585889,5586354,26.47,1000,2,0
110820750,0,5587314,5586354,26.47,1500,1,0
110822320,0,5432426,5587978,26.46,1000,2,0
110823270,0,5432426,5588388,26.46,3100,2,0
110823270,0,5436542,5588388,26.46,100,2,0
110823270,0,5439654,5588388,26.46,200,2,0
110823270,0,5440713,5588388,26.46,500,2,0
110832770,0,5455820,5592255,26.46,600,2,0
110835930,0,5593629,5586354,26.47,5000,1,0
110838170,0,5468638,5594713,26.46,200,2,0
110838170,0,5470543,5594713,26.46,200,2,0
110838170,0,5473944,5594713,26.46,200,2,0
110838390,0,5490477,5594827,26.46,100,2,0
110838530,0,5536217,5594897,26.46,200,2,0
110840940,0,5536217,5596253,26.46,200,2,0
110845160,0,5536217,5598492,26.46,800,2,0
110847570,0,5539275,5599643,26.46,200,2,0
110847890,0,5539275,5599816,26.46,200,2,0
110850250,0,5539275,5600891,26.46,200,2,0
110850340,0,5539275,5600926,26.46,200,2,0
110852050,0,5539275,5601750,26.46,300,2,0
110853280,0,5539275,5602317,26.46,100,2,0
110853550,0,5602451,5586354,26.47,6400,1,0
110853550,0,5602451,5598845,26.47,200,1,0
110853550,0,5602451,5601008,26.47,500,1,0
110854190,0,5568828,5602758,26.46,400,2,0
110854710,0,5603040,5601956,26.47,500,1,0
110856810,0,5603748,5604025,26.47,600,2,0
110858170,0,5604651,5604025,26.47,400,1,0
110900200,0,5604651,5605788,26.47,100,2,0
110900410,0,5604651,5605962,26.47,300,2,0
110901830,0,5568828,5607391,26.46,500,2,0
110901860,0,5568828,5607442,26.46,200,2,0
110902140,0,5568828,5607850,26.46,500,2,0
110902630,0,5568828,5608270,26.46,1200,2,0
110902760,0,5568828,5608368,26.46,300,2,0
110902920,0,5568828,5608518,26.46,200,2,0
110903160,0,5568828,5608736,26.46,200,2,0
110903370,0,5568828,5608948,26.46,300,2,0
110903500,0,5568828,5609072,26.46,200,2,0
110903500,0,5568828,5609073,26.46,500,2,0
110903670,0,5568828,5609203,26.46,200,2,0
110903870,0,5609433,5606159,26.47,100,1,0
110904070,0,5568828,5609590,26.46,200,2,0
110904380,0,5568828,5609882,26.46,400,2,0
110906410,0,5568828,5612178,26.46,100,2,0
110907650,0,5568828,5613461,26.46,200,2,0
110909160,0,5568828,5614699,26.46,1000,2,0
110911680,0,5568828,5616514,26.46,600,2,0
110915000,0,5618472,5610470,26.47,800,1,0
110915160,0,5618472,5618555,26.47,100,2,0
110915990,0,5618472,5619104,26.47,500,2,0
110915990,0,5568828,5619104,26.46,200,2,0
110918150,0,5568828,5620262,26.46,100,2,0
110918670,0,5568828,5620598,26.46,200,2,0
110930070,0,5626662,5589673,26.48,100,1,0
110930070,0,5626662,5624460,26.48,100,1,0
110930070,0,5626662,5580947,26.49,500,1,0
110930070,0,5626662,5616030,26.49,100,1,0
110930240,0,5626799,5616030,26.49,100,1,0
110930240,0,5626799,5562808,26.5,100,1,0
110930240,0,5626799,5506100,26.51,200,1,0
110931080,0,5627261,5627251,26.48,800,1,0
110931960,0,5627685,5534265,26.51,700,1,0
110934620,0,5621363,5629094,26.47,3500,2,0
110939630,0,5630064,5631578,26.49,800,2,0
110941100,0,5632203,5631578,26.48,300,1,0
110942410,0,5632899,5632260,26.48,200,1,0
110953460,0,5638494,5638319,26.49,100,1,0
110954280,0,5632943,5639005,26.48,100,2,0
110954280,0,5633629,5639005,26.48,300,2,0
110957380,0,5635120,5640499,26.48,500,2,0
111004730,0,5621363,5644703,26.47,100,2,0
111005050,0,5634311,5644891,26.47,200,2,0
111005430,0,5637133,5645213,26.47,500,2,0
111006480,0,5645889,5640499,26.48,100,1,0
111007080,0,5646258,5640723,26.48,400,1,0
111010870,0,5648310,5640723,26.48,900,1,0
111011200,0,5637133,5648469,26.47,200,2,0
111023610,0,5655071,5640723,26.48,1300,1,0
111033960,0,5637133,5659917,26.47,3000,2,0
111043090,0,5637133,5664133,26.47,7500,2,0
111047340,0,5637133,5666287,26.47,800,2,0
111047790,0,5637133,5666507,26.47,300,2,0
111053320,0,5637133,5669378,26.47,200,2,0
111100730,0,5665739,5672865,26.47,1500,2,0
111100730,0,5666886,5672865,26.47,200,2,0
111110420,0,5588065,5678669,26.46,400,2,0
111112600,0,5679579,5674455,26.47,800,1,0
111112600,0,5590525,5679582,26.46,1000,2,0
111112600,0,5615140,5679582,26.46,500,2,0
111112600,0,5645262,5679582,26.46,2000,2,0
111112600,0,5667652,5679582,26.46,600,2,0
111114210,0,593521,5680384,26.45,200,2,0
111114550,0,5680572,5679582,26.46,11600,1,0
111114550,0,5680572,5680127,26.46,200,1,0
111114550,0,5680572,5680171,26.46,200,1,0
111118090,0,5682234,5642129,26.48,600,1,0
111123210,0,5684709,5684331,26.46,100,1,0
111123850,0,4754100,5685055,26.45,100,2,0
111128350,0,5687302,5684331,26.46,100,1,0
111130550,0,5688251,5642129,26.48,200,1,0
111134530,0,4754100,5690030,26.45,100,2,0
111138570,0,5691082,5691744,26.46,700,2,0
111139090,0,5691082,5691978,26.46,500,2,0
111150980,0,5694460,5697639,26.46,200,2,0
111201610,0,5694460,5702523,26.46,100,2,0
111201640,0,5694460,5702539,26.46,700,2,0
111201640,0,5696047,5702539,26.46,200,2,0
111201640,0,5696349,5702539,26.46,300,2,0
111201640,0,5697498,5702539,26.46,800,2,0
111201640,0,5697696,5702539,26.46,300,2,0
111201640,0,5700604,5702539,26.46,200,2,0
111203770,0,5700604,5703712,26.46,100,2,0
111204890,0,5700645,5704289,26.46,400,2,0
111204890,0,5702226,5704289,26.46,100,2,0
111214020,0,5709550,5707897,26.46,100,1,0
111239440,0,5723991,5649970,26.48,100,1,0
111244640,0,5726971,5649970,26.48,800,1,0
111245300,0,5727343,5699129,26.48,300,1,0
111245300,0,5727343,5717014,26.48,200,1,0
111246790,0,5728216,5717014,26.48,500,1,0
111247050,0,5728369,5717014,26.48,1000,1,0
111255440,0,5732838,5732176,26.48,300,1,0
111255440,0,5732838,5732372,26.48,400,1,0
111259200,0,5734426,5734559,26.48,100,2,0
111305930,0,5738127,5700270,26.49,200,1,0
111308190,0,5723862,5739475,26.47,200,2,0
111308190,0,5729666,5739475,26.47,100,2,0
111308190,0,5730135,5739475,26.47,200,2,0
111308190,0,5730578,5739475,26.47,200,2,0
111309300,0,5739647,5740007,26.48,800,2,0
111320260,0,5730578,5745047,26.47,700,2,0
111328640,0,5748891,5740007,26.48,400,1,0
111329370,0,5749172,5740007,26.48,400,1,0
111329840,0,5749376,5740007,26.48,100,1,0
111329840,0,5749376,5743942,26.48,500,1,0
111331580,0,5750105,5750160,26.48,200,2,0
111333520,0,5751006,5750246,26.48,700,1,0
111338030,0,5752957,5751216,26.49,1600,1,0
111338030,0,5752957,5751641,26.49,900,1,0
111338030,0,5752957,5751643,26.49,200,1,0
111341830,0,5752957,5754394,26.49,1100,2,0
111341830,0,5753042,5754394,26.49,200,2,0
111341830,0,5751006,5754394,26.48,400,2,0
111344470,0,5755470,5753057,26.5,100,1,0
111354160,0,5754699,5760418,26.49,600,2,0
111358490,0,5762806,5756689,26.5,2200,1,0
111401000,0,5763329,5764104,26.51,400,2,0
111401000,0,5763665,5764104,26.5,100,2,0
111401000,0,5763940,5764104,26.5,200,2,0
111412000,0,5764973,5769570,26.5,600,2,0
111412000,0,5755359,5769570,26.49,300,2,0
111417900,0,5772129,5397505,26.54,200,1,0
111417900,0,5772129,5398899,26.54,400,1,0
111417900,0,5772129,5653501,26.54,600,1,0
111420320,0,5771168,5773150,26.5,800,2,0
111422890,0,5771168,5774148,26.5,100,2,0
111422890,0,5771168,5774149,26.5,100,2,0
111425880,0,5771168,5775242,26.5,200,2,0
111428140,0,5774258,5776067,26.5,1200,2,0
111428410,0,5776152,5776067,26.5,300,1,0
111428410,0,5776153,5776067,26.5,200,1,0
111428410,0,5776154,5776067,26.5,200,1,0
111428410,0,5776157,5776067,26.5,100,1,0
111428420,0,5776159,5776067,26.5,300,1,0
111428420,0,5776160,5776067,26.5,100,1,0
111428660,0,5776251,5776067,26.5,100,1,0
111428700,0,5776276,5776067,26.5,1800,1,0
111429470,0,5776583,5653501,26.54,200,1,0
111442330,0,5781203,5778509,26.52,100,1,0
111443170,0,5781480,5778667,26.52,300,1,0
111443320,0,5781546,5778667,26.52,300,1,0
111453280,0,5780784,5785733,26.5,600,2,0
111503230,0,5780784,5789928,26.5,100,2,0
111510670,0,5793348,5792559,26.51,300,1,0
111512580,0,5780969,5794057,26.5,300,2,0
111518170,0,5796684,5778667,26.52,1000,1,0
111534170,0,5803624,5786197,26.52,400,1,0
111537890,0,5803624,5805136,26.52,100,2,0
111537890,0,5803624,5805137,26.52,100,2,0
111537890,0,5803624,5805138,26.52,100,2,0
111553280,0,5807796,5813064,26.52,900,2,0
111557050,0,5798717,5815186,26.51,500,2,0
111557050,0,5800186,5815186,26.51,100,2,0
111609040,0,5807793,5823022,26.51,600,2,0
111609510,0,5823444,5773524,26.54,800,1,0
111612060,0,5823664,5825313,26.52,300,2,0
111614560,0,5827037,5824848,26.53,400,1,0
111619640,0,5830343,5828878,26.52,600,1,0
111619670,0,5830356,5828878,26.52,1300,1,0
111619930,0,5830527,5828878,26.52,100,1,0
111621440,0,5831497,5830775,26.52,100,1,0
111623250,0,5819748,5832465,26.51,200,2,0
111624560,0,5833311,5773524,26.54,800,1,0
111629040,0,5834856,5835808,26.52,500,2,0
111634400,0,5838379,5773524,26.54,100,1,0
111635660,0,5838993,5773524,26.54,100,1,0
111636340,0,5839431,5818914,26.54,1000,1,0
111639560,0,5840923,5818914,26.54,100,1,0
111639560,0,5840923,5829576,26.54,1000,1,0
111639560,0,5840923,5836226,26.54,200,1,0
111640410,0,5841302,5838167,26.54,400,1,0
111640980,0,5841590,5838167,26.54,400,1,0
111640980,0,5841590,5839987,26.54,100,1,0
111647030,0,5841590,5844568,26.54,300,2,0
111647030,0,5842975,5844568,26.54,200,2,0
111654550,0,5848100,5389428,26.55,200,1,0
111654550,0,5848100,5477311,26.55,200,1,0
111657870,0,5849520,5477311,26.55,500,1,0
111659600,0,5850334,5477311,26.55,400,1,0
111704360,0,5843569,5852832,26.54,200,2,0
111704610,0,5852956,5477311,26.55,200,1,0
111704610,0,5852956,5496976,26.55,300,1,0
111704610,0,5852957,5496976,26.55,200,1,0
111704610,0,5852957,5802736,26.55,300,1,0
111709030,0,5844461,5855378,26.54,500,2,0
111709550,0,5855603,5855378,26.54,400,1,0
111712290,0,5847232,5857179,26.53,100,2,0
111714680,0,5858275,5855378,26.54,500,1,0
111723340,0,5847232,5862065,26.53,200,2,0
111723370,0,5847232,5862087,26.53,100,2,0
111723850,0,5862266,5855378,26.54,600,1,0
111724730,0,5862655,5856247,26.54,100,1,0
111724730,0,5862655,5858174,26.54,600,1,0
111726270,0,5834856,5863297,26.52,200,2,0
111733620,0,5834856,5866287,26.52,500,2,0
111740680,0,5834856,5868950,26.52,500,2,0
111740690,0,5834856,5868957,26.52,200,2,0
111740690,0,5838326,5868957,26.52,500,2,0
111740690,0,5841042,5868957,26.52,100,2,0
111740690,0,5867484,5868957,26.52,5000,2,0
111740690,0,5868132,5868957,26.52,1000,2,0
111745720,0,5835631,5871036,26.51,1000,2,0
111746570,0,5837623,5871399,26.51,100,2,0
111746570,0,5861513,5871399,26.51,200,2,0
111746570,0,5868054,5871399,26.51,100,2,0
111747710,0,5868054,5871883,26.51,200,2,0
111750290,0,5786980,5872948,26.5,100,2,0
111750290,0,5787614,5872948,26.5,200,2,0
111750290,0,5793903,5872948,26.5,500,2,0
111750330,0,5793903,5872962,26.5,200,2,0
111753380,0,5874335,5872915,26.51,100,1,0
111755780,0,5794848,5875258,26.5,200,2,0
111755820,0,5794848,5875285,26.5,300,2,0
111755820,0,5799340,5875285,26.5,100,2,0
111755820,0,5811759,5875285,26.5,900,2,0
111755820,0,5833182,5875285,26.5,400,2,0
111757030,0,5833182,5875741,26.5,100,2,0
111757030,0,5833741,5875741,26.5,400,2,0
111800410,0,5837970,5877122,26.5,100,2,0
111808520,0,5849348,5880845,26.5,600,2,0
111808520,0,5851121,5880845,26.5,100,2,0
111808520,0,5854957,5880845,26.5,300,2,0
111811620,0,5882450,5868957,26.52,100,1,0
111818300,0,5881987,5885543,26.51,200,2,0
111824770,0,5881987,5888479,26.51,800,2,0
111843120,0,5895514,5868957,26.52,1400,1,0
111849100,0,5881987,5897726,26.51,700,2,0
111850330,0,5881987,5898177,26.51,900,2,0
111853280,0,5881987,5899289,26.51,200,2,0
111854140,0,5899638,5868957,26.52,1100,1,0
111905260,0,5894708,5904033,26.51,1000,2,0
111908210,0,5905056,5868957,26.52,400,1,0
111916430,0,5908707,5868957,26.52,200,1,0
111917290,0,5898488,5909045,26.51,800,2,0
111918330,0,5909469,5868957,26.52,500,1,0
111921300,0,5905857,5910534,26.51,800,2,0
111923260,0,5905857,5911252,26.51,200,2,0
111925900,0,5912367,5868957,26.52,400,1,0
111926090,0,5905857,5912482,26.51,500,2,0
111929330,0,5913670,5883357,26.52,100,1,0
111929330,0,5913670,5902204,26.52,400,1,0
111929330,0,5913670,5907640,26.52,200,1,0
111929330,0,5913670,5909581,26.52,200,1,0
111933750,0,5915332,5915049,26.52,800,1,0
111933920,0,5905857,5915406,26.51,3500,2,0
111944680,0,5917624,5919597,26.52,600,2,0
111953500,0,5917624,5923193,26.52,100,2,0
111953500,0,5907238,5923193,26.51,100,2,0
111956300,0,5924210,5923976,26.52,300,1,0
112014320,0,5931735,5932721,26.53,100,2,0
112014360,0,5932738,5861060,26.54,200,1,0
112014810,0,5932907,5861060,26.54,200,1,0
112014810,0,5932907,5861516,26.54,200,1,0
112025470,0,5937944,5889527,26.54,200,1,0
112026280,0,5932025,5938390,26.52,800,2,0
112029530,0,5939855,5889527,26.54,300,1,0
112030160,0,5940067,5939969,26.52,1000,1,0
112031900,0,5907238,5940891,26.51,100,2,0
112031900,0,5908073,5940891,26.51,400,2,0
112031900,0,5909815,5940891,26.51,100,2,0
112035810,0,5942683,5939969,26.52,100,1,0
112045420,0,5909815,5946924,26.51,200,2,0
112046980,0,5947647,5939969,26.52,900,1,0
112046980,0,5947647,5941109,26.52,100,1,0
112049510,0,5909815,5948613,26.51,200,2,0
112050330,0,5915450,5948986,26.51,100,2,0
112053030,0,5915450,5950209,26.51,400,2,0
112053030,0,5919318,5950209,26.51,200,2,0
112053130,0,5950251,5943413,26.52,100,1,0
112053320,0,5919318,5950332,26.51,100,2,0
112053320,0,5924432,5950332,26.51,100,2,0
112053320,0,5925365,5950332,26.51,700,2,0
112113880,0,5925365,5959613,26.51,100,2,0
112113880,0,5926936,5959613,26.51,500,2,0
112116820,0,5934455,5961062,26.51,400,2,0
112116840,0,5934455,5961063,26.51,100,2,0
112118170,0,5942172,5961662,26.51,100,2,0
112119840,0,5944605,5962446,26.51,200,2,0
112119840,0,5952161,5962446,26.51,100,2,0
112120280,0,5952567,5962644,26.51,200,2,0
112123340,0,5952567,5963783,26.51,100,2,0
112123560,0,5963861,5959798,26.52,100,1,0
112129550,0,5964468,5966127,26.51,500,2,0
112138010,0,5968321,5969017,26.51,100,2,0
112139500,0,5866439,5969660,26.5,200,2,0
112139500,0,5873344,5969660,26.5,100,2,0
112139500,0,5874630,5969660,26.5,1000,2,0
112139500,0,5875875,5969660,26.5,600,2,0
112139500,0,5876765,5969660,26.5,700,2,0
112150320,0,5971527,5973709,26.51,300,2,0
112150320,0,5972254,5973709,26.51,100,2,0
112150320,0,5879586,5973709,26.5,300,2,0
112150320,0,5879938,5973709,26.5,100,2,0
112152230,0,5974250,5974341,26.51,1000,2,0
112153300,0,5974641,5974341,26.51,100,1,0
112159100,0,5890022,5976804,26.5,500,2,0
112159100,0,5895144,5976804,26.5,100,2,0
112202410,0,5895144,5978071,26.5,100,2,0
112211880,0,5895144,5982956,26.5,600,2,0
112216510,0,5984929,5974341,26.51,300,1,0
112218500,0,5985825,5976987,26.51,900,1,0
112220290,0,5986553,5976987,26.51,100,1,0
112228380,0,5989716,5986442,26.51,200,1,0
112229270,0,5990048,5986442,26.51,800,1,0
112229270,0,5990048,5987176,26.51,500,1,0
112229270,0,5990048,5988247,26.51,100,1,0
112229270,0,5990048,5988408,26.51,100,1,0
112230290,0,5990048,5990426,26.51,200,2,0
112231310,0,5990812,5990426,26.51,200,1,0
112240960,0,5910645,5994054,26.5,200,2,0
112249550,0,5910645,5997156,26.5,200,2,0
112249550,0,5920564,5997156,26.5,200,2,0
112249550,0,5926935,5997156,26.5,100,2,0
112252140,0,5998309,5991350,26.51,200,1,0
112252790,0,5948664,5998533,26.5,500,2,0
112253310,0,5956822,5998801,26.5,200,2,0
112253310,0,5969737,5998801,26.5,200,2,0
112253310,0,5969986,5998801,26.5,400,2,0
112254040,0,5999041,5996115,26.51,1600,1,0
112254070,0,5999064,5959798,26.52,200,1,0
112254070,0,5999064,5968938,26.52,100,1,0
112310360,0,6001030,6005529,26.51,1900,2,0
112310830,0,6001030,6005729,26.51,200,2,0
112310830,0,6001030,6005731,26.51,300,2,0
112310910,0,6001030,6005769,26.51,200,2,0
112313930,0,6001030,6006735,26.51,300,2,0
112320330,0,6001030,6009101,26.51,100,2,0
112322890,0,6006862,6010057,26.51,500,2,0
112323370,0,5969986,6010201,26.5,100,2,0
112324680,0,6010617,5968938,26.52,100,1,0
112324680,0,6010617,5970056,26.52,400,1,0
112324680,0,6010617,5973547,26.52,200,1,0
112331920,0,6011883,6012886,26.51,200,2,0
112331920,0,5978741,6012886,26.5,300,2,0
112341770,0,5981254,6016328,26.5,100,2,0
112350280,0,5981254,6019740,26.5,800,2,0
112356630,0,6022198,6014915,26.51,100,1,0
112420290,0,5981254,6032002,26.5,200,2,0
112420290,0,5981254,6032003,26.5,900,2,0
112422880,0,6033042,6015599,26.51,1300,1,0
112422880,0,6033042,6032925,26.51,100,1,0
112426330,0,6033042,6034337,26.51,100,2,0
112430040,0,6033042,6035573,26.51,100,2,0
112438190,0,6033042,6038391,26.51,1200,2,0
112443860,0,6040329,5973547,26.52,100,1,0
112447090,0,6034727,6041696,26.51,200,2,0
112450200,0,6035802,6042708,26.51,600,2,0
112450330,0,6035802,6042743,26.51,800,2,0
112452920,0,6043604,5973547,26.52,300,1,0
112453300,0,6036097,6043727,26.51,200,2,0
112456940,0,6044814,5973547,26.52,400,1,0
112505300,0,6036496,6047859,26.51,1000,2,0
112505300,0,6040044,6047859,26.51,300,2,0
112505300,0,6044238,6047859,26.51,700,2,0
112505300,0,6046012,6047859,26.51,1900,2,0
112505300,0,6046531,6047859,26.51,1700,2,0
112505300,0,6046674,6047859,26.51,1300,2,0
112511720,0,6050385,6047859,26.51,300,1,0
112517240,0,5981254,6052429,26.5,800,2,0
112518850,0,6052986,6047859,26.51,300,1,0
112523360,0,5981254,6054553,26.5,200,2,0
112525160,0,5981254,6055255,26.5,500,2,0
112535740,0,6059283,6047859,26.51,300,1,0
112539080,0,6060665,6047859,26.51,100,1,0
112542520,0,5981893,6061840,26.5,5000,2,0
112545160,0,6000551,6062777,26.5,300,2,0
112550290,0,6006686,6064679,26.5,100,2,0
112553330,0,6006686,6065762,26.5,200,2,0
112601970,0,6006686,6068737,26.5,500,2,0
112604150,0,6069634,6047859,26.51,800,1,0
112604150,0,6069634,6063351,26.51,100,1,0
112611260,0,6012781,6072540,26.5,100,2,0
112617480,0,6073573,6074690,26.51,200,2,0
112625140,0,6077075,6075560,26.51,200,1,0
112629000,0,6078377,6075560,26.51,100,1,0
112629860,0,6078377,6078634,26.51,400,2,0
112629860,0,6031248,6078635,26.5,1000,2,0
112631190,0,6039591,6079181,26.5,1000,2,0
112635360,0,6039591,6080489,26.5,500,2,0
112636150,0,6039591,6080708,26.5,82,2,0
112636150,0,6039591,6080709,26.5,200,2,0
112636150,0,6039591,6080710,26.5,200,2,0
112636150,0,6039591,6080711,26.5,200,2,0
112636150,0,6039591,6080713,26.5,100,2,0
112636150,0,6039591,6080714,26.5,100,2,0
112636150,0,6039591,6080715,26.5,200,2,0
112636150,0,6039591,6080716,26.5,200,2,0
112636150,0,6039591,6080717,26.5,200,2,0
112636150,0,6039591,6080718,26.5,100,2,0
112636170,0,6039591,6080720,26.5,400,2,0
112638280,0,6039591,6081544,26.5,18,2,0
112638280,0,6041402,6081544,26.5,100,2,0
112638280,0,6043312,6081544,26.5,82,2,0
112638280,0,6043312,6081545,26.5,100,2,0
112638280,0,6043312,6081546,26.5,18,2,0
112638280,0,6045104,6081546,26.5,82,2,0
112638280,0,6045104,6081547,26.5,18,2,0
112638280,0,6048755,6081547,26.5,200,2,0
112638280,0,6059381,6081547,26.5,282,2,0
112638300,0,6059381,6081549,26.5,600,2,0
112638300,0,6059381,6081550,26.5,118,2,0
112638300,0,6066280,6081550,26.5,82,2,0
112638300,0,6066280,6081551,26.5,18,2,0
112638300,0,6066995,6081551,26.5,182,2,0
112638300,0,6066995,6081552,26.5,18,2,0
112638300,0,6067656,6081552,26.5,100,2,0
112638300,0,6073382,6081552,26.5,100,2,0
112638300,0,5755465,6081554,26.49,500,2,0
112638300,0,5755465,6081555,26.49,400,2,0
112638300,0,5755465,6081558,26.49,400,2,0
112638350,0,5762021,6081590,26.49,500,2,0
112638380,0,5829759,6081597,26.49,400,2,0
112638420,0,5850675,6081610,26.49,200,2,0
112639340,0,6081874,6081552,26.5,400,1,0
112641310,0,5951428,6082587,26.49,300,2,0
112641310,0,5951428,6082588,26.49,400,2,0
112641320,0,5951428,6082594,26.49,200,2,0
112641330,0,5951428,6082598,26.49,300,2,0
112641380,0,5951428,6082617,26.49,400,2,0
112641380,0,5951428,6082618,26.49,400,2,0
112645700,0,5996401,6084011,26.49,200,2,0
112649660,0,6062503,6085281,26.49,400,2,0
112649740,0,6062503,6085315,26.49,300,2,0
112650280,0,6065450,6085511,26.49,200,2,0
112650280,0,6083101,6085511,26.49,600,2,0
112653400,0,6083101,6086531,26.49,200,2,0
112654000,0,6083101,6086690,26.49,200,2,0
112656110,0,6087334,6086779,26.49,100,1,0
112704940,0,6087334,6091216,26.49,100,2,0
112718220,0,6090392,6095993,26.49,400,2,0
112719770,0,6096510,6088078,26.5,300,1,0
112719770,0,6096510,6092220,26.5,100,1,0
112720350,0,6090392,6096706,26.49,300,2,0
112720350,0,6090656,6096706,26.49,500,2,0
112722050,0,6091547,6097251,26.49,200,2,0
112722050,0,6092520,6097251,26.49,400,2,0
112723270,0,5753121,6097711,26.48,100,2,0
112723270,0,5756434,6097711,26.48,100,2,0
112724460,0,6098161,6097251,26.49,1200,1,0
112724460,0,6098161,6097806,26.49,500,1,0
112724460,0,6098161,6096538,26.5,1000,1,0
112732090,0,6098161,6100641,26.5,400,2,0
112734430,0,6101457,6084972,26.51,100,1,0
112734430,0,6101457,6085327,26.51,1200,1,0
112734430,0,6101457,6085357,26.51,1000,1,0
112734430,0,6101457,6089432,26.51,1500,1,0
112746030,0,6098161,6104818,26.5,300,2,0
112746030,0,6101765,6104818,26.5,100,2,0
112750270,0,6101765,6106249,26.5,100,2,0
112750270,0,6103451,6106249,26.5,100,2,0
112750310,0,6103451,6106267,26.5,200,2,0
112750310,0,6105483,6106267,26.5,600,2,0
112752290,0,6106961,6089432,26.51,900,1,0
112752290,0,6106961,6099940,26.51,200,1,0
112752290,0,6106961,6102910,26.51,1000,1,0
112758590,0,6106961,6109160,26.51,1000,2,0
112800370,0,6106961,6109919,26.51,400,2,0
112813530,0,6106961,6114687,26.51,400,2,0
112817310,0,6106961,6115851,26.51,200,2,0
112820130,0,6116631,6088379,26.52,200,1,0
112820130,0,6116631,6091988,26.52,1400,1,0
112820260,0,6106961,6116680,26.51,800,2,0
112830180,0,6106961,6120166,26.51,400,2,0
112831190,0,6106961,6120538,26.51,200,2,0
112834290,0,6121635,6091988,26.52,500,1,0
112834290,0,6121635,6106703,26.52,700,1,0
112845760,0,6125524,6106703,26.52,300,1,0
112845760,0,6125524,6116799,26.52,1000,1,0
112845760,0,6125524,6119883,26.52,100,1,0
112845760,0,6125524,6120632,26.52,600,1,0
112846090,0,6106961,6125630,26.51,9400,2,0
112846090,0,6108937,6125630,26.51,4300,2,0
112846090,0,6122164,6125630,26.51,100,2,0
112850300,0,6105483,6127162,26.5,200,2,0
112853440,0,6105483,6128112,26.5,500,2,0
112856570,0,6128994,6125630,26.51,500,1,0
112900320,0,6105483,6130442,26.5,600,2,0
112903550,0,6105483,6132043,26.5,600,2,0
112907830,0,6105483,6133490,26.5,200,2,0
112907830,0,6109992,6133490,26.5,700,2,0
112907830,0,6121960,6133490,26.5,100,2,0
112907830,0,6122167,6133490,26.5,1900,2,0
112907830,0,6129664,6133490,26.5,700,2,0
112907830,0,6129876,6133490,26.5,400,2,0
112907830,0,6132539,6133490,26.5,100,2,0
112915850,0,6136028,6133490,26.5,200,1,0
112920360,0,6102703,6137455,26.49,200,2,0
112923270,0,6102703,6138351,26.49,200,2,0
112923270,0,6103830,6138351,26.49,700,2,0
112923460,0,6103830,6138389,26.49,300,2,0
112923460,0,6112997,6138389,26.49,200,2,0
112923460,0,6116746,6138389,26.49,100,2,0
112931670,0,6116746,6140696,26.49,900,2,0
112931670,0,6117389,6140696,26.49,100,2,0
112937730,0,6117389,6142165,26.49,100,2,0
112942030,0,6117389,6143160,26.49,700,2,0
112942800,0,6117389,6143357,26.49,100,2,0
112942800,0,6139646,6143357,26.49,400,2,0
112951730,0,6139646,6145400,26.49,1100,2,0
112951730,0,6141106,6145400,26.49,100,2,0
112951730,0,6141643,6145400,26.49,300,2,0
112951730,0,6141900,6145400,26.49,700,2,0
112951730,0,6143338,6145400,26.49,500,2,0
112951730,0,6144852,6145400,26.49,500,2,0
112952240,0,6145530,6145400,26.49,600,1,0
112954540,0,5756434,6146057,26.48,500,2,0
130000390,0,6149340,6146477,26.49,200,1,0
130000950,0,6152935,6154041,26.49,1200,2,0
130001060,0,6152935,6155124,26.49,100,2,0
130001210,0,6152935,6157810,26.49,500,2,0
130001620,0,6155595,6160777,26.49,600,2,0
130002060,0,6165993,6133490,26.5,1500,1,0
130002180,0,6155595,6167152,26.49,100,2,0
130002580,0,6155595,6172010,26.49,100,2,0
130002580,0,6156205,6172040,26.49,200,2,0
130002580,0,6159842,6172091,26.49,200,2,0
130002660,0,6159842,6173381,26.49,100,2,0
130002800,0,6159842,6174708,26.49,200,2,0
130002800,0,6159889,6174708,26.49,100,2,0
130002800,0,6163660,6174708,26.49,200,2,0
130002920,0,6176469,6133490,26.5,600,1,0
130003500,0,6172350,6182809,26.49,100,2,0
130003500,0,6179734,6182809,26.49,100,2,0
130003620,0,6181480,6184278,26.49,200,2,0
130003620,0,6181480,6184403,26.49,400,2,0
130003620,0,6182392,6184403,26.49,500,2,0
130003620,0,5756434,6184403,26.48,100,2,0
130003750,0,5756434,6185613,26.48,1000,2,0
130005420,0,5756434,6196053,26.48,300,2,0
130006930,0,6197037,6200612,26.49,200,2,0
130012220,0,6208487,6209682,26.49,500,2,0
130012220,0,5912519,6209682,26.48,800,2,0
130012220,0,6008390,6209682,26.48,500,2,0
130012220,0,6021074,6209682,26.48,400,2,0
130012220,0,6108720,6209682,26.48,100,2,0
130019650,0,6211857,6217655,26.49,300,2,0
130020640,0,6218231,6136572,26.5,1000,1,0
130020830,0,6211857,6218375,26.49,100,2,0
130020830,0,6211869,6218375,26.49,400,2,0
130020830,0,6214673,6218375,26.49,500,2,0
130020830,0,6108720,6218375,26.48,400,2,0
130020830,0,6114310,6218375,26.48,800,2,0
130020830,0,6115537,6218375,26.48,300,2,0
130021220,0,6115537,6219004,26.48,500,2,0
130023840,0,6149435,6221044,26.48,100,2,0
130023840,0,6150197,6221044,26.48,400,2,0
130023980,0,6150197,6221276,26.48,9600,2,0
130023980,0,6151776,6221276,26.48,500,2,0
130023980,0,6156065,6221276,26.48,100,2,0
130023980,0,6160312,6221276,26.48,800,2,0
130023980,0,6160855,6221276,26.48,500,2,0
130023980,0,6162676,6221276,26.48,500,2,0
130023980,0,6165331,6221276,26.48,300,2,0
130023980,0,6170629,6221276,26.48,300,2,0
130023980,0,6173036,6221276,26.48,600,2,0
130023980,0,6176429,6221276,26.48,600,2,0
130023980,0,6178107,6221276,26.48,1000,2,0
130023980,0,6187520,6221276,26.48,300,2,0
130023980,0,6187608,6221276,26.48,100,2,0
130023980,0,6193642,6221276,26.48,100,2,0
130023980,0,6194914,6221276,26.48,1000,2,0
130023980,0,6205337,6221276,26.48,1000,2,0
130023980,0,6205572,6221276,26.48,1100,2,0
130023980,0,6210973,6221276,26.48,500,2,0
130023980,0,6214248,6221276,26.48,100,2,0
130023980,0,6215348,6221276,26.48,1500,2,0
130023980,0,6215348,6221277,26.48,500,2,0
130023980,0,6216338,6221277,26.48,1000,2,0
130024330,0,5730816,6221863,26.47,200,2,0
130024500,0,5731481,6222081,26.47,100,2,0
130024500,0,5732957,6222081,26.47,400,2,0
130026110,0,6223254,6222130,26.49,100,1,0
130026330,0,6223480,6222141,26.49,100,1,0
130030940,0,6226897,6224727,26.48,100,1,0
130031310,0,5734110,6227134,26.47,100,2,0
130033000,0,6228408,6225974,26.48,2300,1,0
130034120,0,5737042,6229400,26.47,1000,2,0
130034120,0,5790182,6229400,26.47,500,2,0
130034120,0,6096326,6229400,26.47,600,2,0
130034120,0,6181348,6229400,26.47,500,2,0
130035970,0,6230350,6229400,26.47,200,1,0
130042490,0,5718728,6234096,26.46,300,2,0
130042880,0,5718728,6234263,26.46,700,2,0
130046060,0,6235767,6229400,26.47,18800,1,0
130046060,0,6235767,6232783,26.47,100,1,0
130047390,0,6235767,6236340,26.47,200,2,0
130049870,0,6235767,6237319,26.47,2900,2,0
130049870,0,6235767,6237320,26.47,1000,2,0
130049870,0,5718877,6237320,26.46,1900,2,0
130049870,0,5718877,6237321,26.46,1200,2,0
130049870,0,5719513,6237321,26.46,400,2,0
130049870,0,5720645,6237321,26.46,900,2,0
130055270,0,6240075,6225974,26.48,200,1,0
130055270,0,6240075,6237481,26.48,1500,1,0
130056760,0,6240075,6240871,26.48,800,2,0
130057230,0,6240422,6241107,26.47,100,2,0
130102170,0,5720645,6244026,26.46,100,2,0
130102490,0,5720645,6244294,26.46,500,2,0
130102490,0,6244296,6241793,26.47,100,1,0
130102490,0,6244296,6241929,26.47,100,1,0
130102490,0,6244296,6242243,26.47,300,1,0
130102750,0,6244296,6244536,26.47,1000,2,0
130103160,0,6244921,6244536,26.47,100,1,0
130106230,0,5720645,6247957,26.46,3700,2,0
130106270,0,5720645,6247999,26.46,6900,2,0
130106400,0,5720645,6248119,26.46,1900,2,0
130106650,0,5720645,6248403,26.46,4800,2,0
130106650,0,5720772,6248403,26.46,700,2,0
130106710,0,5720772,6248469,26.46,200,2,0
130106880,0,5729290,6248612,26.46,500,2,0
130106880,0,5860081,6248612,26.46,500,2,0
130106880,0,6012864,6248612,26.46,300,2,0
130106900,0,6142637,6248642,26.46,100,2,0
130106900,0,6142637,6248649,26.46,500,2,0
130106900,0,6142637,6248651,26.46,100,2,0
130107130,0,6142637,6248836,26.46,5500,2,0
130108150,0,6142637,6249768,26.46,500,2,0
130108150,0,6142637,6249769,26.46,500,2,0
130108150,0,6142637,6249771,26.46,400,2,0
130108150,0,6142637,6249773,26.46,200,2,0
130108150,0,6153484,6249773,26.46,100,2,0
130108170,0,6153484,6249774,26.46,300,2,0
130108170,0,6179221,6249774,26.46,100,2,0
130108170,0,6194915,6249775,26.46,100,2,0
130108170,0,6194915,6249776,26.46,100,2,0
130108170,0,6194915,6249777,26.46,100,2,0
130108170,0,6194915,6249800,26.46,300,2,0
130108170,0,6194915,6249802,26.46,200,2,0
130108220,0,6194915,6249883,26.46,200,2,0
130108220,0,5436111,6249883,26.45,100,2,0
130108220,0,5444151,6249883,26.45,300,2,0
130108250,0,5444151,6249908,26.45,300,2,0
130108440,0,5444151,6250118,26.45,100,2,0
130108440,0,5444151,6250128,26.45,1300,2,0
130108440,0,5444200,6250128,26.45,200,2,0
130108440,0,5458387,6250128,26.45,1000,2,0
130108440,0,5463038,6250128,26.45,700,2,0
130108460,0,5463038,6250131,26.45,300,2,0
130108460,0,5477105,6250131,26.45,500,2,0
130108460,0,5501973,6250131,26.45,100,2,0
130108460,0,5501973,6250136,26.45,900,2,0
130108460,0,5506921,6250136,26.45,1000,2,0
130108460,0,5512106,6250136,26.45,300,2,0
130108460,0,5513448,6250136,26.45,900,2,0
130108460,0,5513448,6250140,26.45,300,2,0
130108460,0,5539763,6250140,26.45,600,2,0
130108460,0,5581548,6250140,26.45,400,2,0
130108460,0,5587773,6250140,26.45,1800,2,0
130108460,0,5587773,6250141,26.45,900,2,0
130108460,0,5587773,6250155,26.45,1300,2,0
130108460,0,5587773,6250156,26.45,3800,2,0
130108460,0,5587773,6250158,26.45,900,2,0
130108460,0,5587773,6250164,26.45,2100,2,0
130108460,0,5587773,6250170,26.45,1200,2,0
130108460,0,5591573,6250170,26.45,100,2,0
130108460,0,5599119,6250170,26.45,200,2,0
130108460,0,5604195,6250170,26.45,2000,2,0
130108460,0,5620763,6250170,26.45,1000,2,0
130108460,0,5632084,6250170,26.45,500,2,0
130108460,0,5658061,6250170,26.45,500,2,0
130108460,0,5663421,6250170,26.45,300,2,0
130108460,0,5669627,6250170,26.45,600,2,0
130108460,0,5678452,6250170,26.45,2000,2,0
130108460,0,5687953,6250170,26.45,100,2,0
130108460,0,5691140,6250170,26.45,200,2,0
130108460,0,5695625,6250170,26.45,1700,2,0
130108460,0,5703966,6250170,26.45,1200,2,0
130108460,0,5719278,6250170,26.45,500,2,0
130108700,0,5791519,6250402,26.45,400,2,0
130108750,0,5847392,6250463,26.45,300,2,0
130109440,0,6251192,6249906,26.46,100,1,0
130109680,0,6251192,6251392,26.46,600,2,0
130109700,0,6251405,6244536,26.47,300,1,0
130111140,0,5860858,6252374,26.45,300,2,0
130111150,0,5860858,6252380,26.45,200,2,0
130111150,0,5860858,6252385,26.45,100,2,0
130111150,0,5860858,6252390,26.45,300,2,0
130111150,0,5860858,6252396,26.45,200,2,0
130111150,0,5860858,6252401,26.45,500,2,0
130111150,0,5860858,6252407,26.45,400,2,0
130111150,0,5860858,6252408,26.45,300,2,0
130111150,0,5860858,6252410,26.45,200,2,0
130111150,0,5860858,6252411,26.45,300,2,0
130111150,0,5860858,6252414,26.45,100,2,0
130111150,0,5860858,6252420,26.45,200,2,0
130111150,0,5867550,6252420,26.45,100,2,0
130111150,0,5867550,6252422,26.45,300,2,0
130111150,0,5867550,6252423,26.45,100,2,0
130111150,0,5896659,6252423,26.45,100,2,0
130111170,0,5896659,6252433,26.45,300,2,0
130111170,0,5896659,6252438,26.45,400,2,0
130111170,0,5896659,6252444,26.45,200,2,0
130111190,0,5899968,6252445,26.45,400,2,0
130111190,0,5899968,6252447,26.45,200,2,0
130111190,0,5899968,6252454,26.45,100,2,0
130111220,0,5899968,6252482,26.45,100,2,0
130111220,0,5904828,6252482,26.45,200,2,0
130111240,0,5904828,6252491,26.45,500,2,0
130111260,0,5925668,6252513,26.45,400,2,0
130111380,0,5959465,6252606,26.45,1800,2,0
130111750,0,5959465,6252852,26.45,100,2,0
130112770,0,6118968,6253520,26.45,3600,2,0
130114150,0,6120505,6254257,26.45,900,2,0
130114150,0,6157239,6254257,26.45,1500,2,0
130114150,0,6175746,6254257,26.45,1000,2,0
130114150,0,6225927,6254257,26.45,300,2,0
130116940,0,1355921,6256123,26.44,500,2,0
130116940,0,1355921,6256124,26.44,400,2,0
130116970,0,1355921,6256143,26.44,500,2,0
130116970,0,1355921,6256144,26.44,100,2,0
130117230,0,5412779,6256275,26.44,200,2,0
130117230,0,5412779,6256276,26.44,100,2,0
130117230,0,5412779,6256277,26.44,300,2,0
130117230,0,5412779,6256278,26.44,300,2,0
130117230,0,5412779,6256279,26.44,100,2,0
130117380,0,5412779,6256353,26.44,100,2,0
130117420,0,5416552,6256370,26.44,700,2,0
130117450,0,5416552,6256378,26.44,100,2,0
130117690,0,5416552,6256483,26.44,100,2,0
130117720,0,5416552,6256501,26.44,100,2,0
130117720,0,5432950,6256501,26.44,200,2,0
130118100,0,5443598,6256717,26.44,100,2,0
130118100,0,5454718,6256717,26.44,300,2,0
130118100,0,5488001,6256718,26.44,500,2,0
130118310,0,5560759,6256829,26.44,400,2,0
130118310,0,5599656,6256829,26.44,400,2,0
130118670,0,5599656,6257019,26.44,1000,2,0
130119220,0,5599656,6257266,26.44,100,2,0
130119230,0,5599656,6257270,26.44,100,2,0
130120130,0,5599656,6257717,26.44,100,2,0
130120220,0,5599656,6257755,26.44,300,2,0
130120380,0,5653587,6257848,26.44,100,2,0
130120380,0,6114321,6257848,26.44,3400,2,0
130121060,0,6258231,6254324,26.45,100,1,0
130121060,0,6258231,6256231,26.45,100,1,0
130121060,0,6258231,6256232,26.45,100,1,0
130121060,0,6258231,6256247,26.45,1700,1,0
130121160,0,6114321,6258290,26.44,100,2,0
130121410,0,6114321,6258410,26.44,400,2,0
130121470,0,6114321,6258451,26.44,400,2,0
130121840,0,6114321,6258631,26.44,100,2,0
130121840,0,6114321,6258634,26.44,300,2,0
130121850,0,6114321,6258644,26.44,100,2,0
130121850,0,6114321,6258647,26.44,300,2,0
130121850,0,6114321,6258648,26.44,500,2,0
130122340,0,6114321,6258895,26.44,100,2,0
130122490,0,6114321,6258991,26.44,400,2,0
130122490,0,6114321,6258992,26.44,100,2,0
130125300,0,6114321,6260558,26.44,100,2,0
130125500,0,6114321,6260611,26.44,200,2,0
130126810,0,6169092,6261333,26.44,300,2,0
130127100,0,6169092,6261481,26.44,500,2,0
130127910,0,6187075,6261944,26.44,100,2,0
130130880,0,6204780,6263404,26.44,100,2,0
130135150,0,6265623,6264306,26.44,100,1,0
130135380,0,6265623,6265729,26.44,600,2,0
130138420,0,620347,6267400,26.43,2000,2,0
130138420,0,632069,6267400,26.43,1000,2,0
130148220,0,946547,6272269,26.43,800,2,0
130148260,0,946547,6272286,26.43,200,2,0
130152840,0,946547,6274266,26.43,500,2,0
130152890,0,946547,6274286,26.43,100,2,0
130153470,0,946547,6274554,26.43,100,2,0
130153480,0,946547,6274557,26.43,300,2,0
130153530,0,946547,6274586,26.43,100,2,0
130158620,0,946547,6277120,26.43,100,2,0
130205930,0,946547,6281558,26.43,2400,2,0
130207480,0,946547,6282641,26.43,1100,2,0
130207940,0,6282884,6268294,26.44,100,1,0
130207940,0,6282884,6268298,26.44,200,1,0
130208960,0,5473109,6283487,26.43,200,2,0
130208960,0,5682395,6283487,26.43,500,2,0
130209100,0,6283573,6268298,26.44,300,1,0
130209100,0,6283573,6268969,26.44,100,1,0
130209100,0,6283573,6271789,26.44,200,1,0
130209100,0,6283573,6271931,26.44,100,1,0
130209100,0,6283573,6272909,26.44,900,1,0
130211640,0,5682395,6284776,26.43,700,2,0
130213930,0,5708654,6285748,26.43,100,2,0
130214110,0,5708654,6285807,26.43,300,2,0
130218230,0,6260186,6287916,26.43,100,2,0
130218230,0,6262100,6287916,26.43,700,2,0
130220360,0,6262100,6288859,26.43,300,2,0
130220360,0,6263715,6288859,26.43,700,2,0
130220680,0,6274297,6289040,26.43,200,2,0
130220700,0,6276269,6289043,26.43,800,2,0
130222880,0,6277674,6290389,26.43,600,2,0
130222880,0,6280241,6290389,26.43,100,2,0
130226760,0,6286100,6292216,26.43,300,2,0
130226870,0,6292252,6279028,26.44,200,1,0
130226870,0,6292252,6281297,26.44,100,1,0
130226870,0,6292252,6282833,26.44,200,1,0
130226870,0,6292252,6285627,26.44,500,1,0
130226870,0,6292252,6288934,26.44,100,1,0
130234330,0,6293291,6295730,26.44,300,2,0
130234980,0,6293291,6295991,26.44,700,2,0
130234980,0,6295824,6295991,26.44,500,2,0
130238860,0,6286100,6297712,26.43,100,2,0
130238860,0,6292540,6297712,26.43,100,2,0
130243980,0,6292540,6299842,26.43,400,2,0
130244160,0,6296090,6299945,26.43,200,2,0
130244160,0,6297052,6299945,26.43,100,2,0
130246490,0,6300951,6298831,26.44,100,1,0
130248250,0,6299851,6301683,26.43,200,2,0
130248410,0,6301727,6298831,26.44,100,1,0
130248410,0,6301727,6301393,26.44,1000,1,0
130250460,0,6301727,6302506,26.44,100,2,0
130258530,0,6301727,6306090,26.44,1000,2,0
130301790,0,6307945,6256426,26.45,100,1,0
130302680,0,6301727,6308434,26.44,300,2,0
130308380,0,6311665,6261658,26.45,500,1,0
130309940,0,6312369,6296237,26.45,100,1,0
130309940,0,6312369,6308039,26.45,800,1,0
130309940,0,6312369,6311171,26.45,900,1,0
130313400,0,6313890,6311171,26.45,200,1,0
130314530,0,6301727,6314385,26.44,400,2,0
130315780,0,6314975,6312262,26.45,100,1,0
130315780,0,6314975,6312642,26.45,100,1,0
130325370,0,6319369,6315225,26.45,300,1,0
130333670,0,6322723,6315225,26.45,1000,1,0
130335690,0,6323548,6320287,26.45,100,1,0
130338100,0,6324766,6320287,26.45,200,1,0
130338100,0,6324766,6322441,26.45,800,1,0
130344790,0,6325509,6327914,26.45,1000,2,0
130344790,0,6326074,6327914,26.45,400,2,0
130344790,0,6326784,6327914,26.45,300,2,0
130344790,0,6301727,6327914,26.44,5700,2,0
130350440,0,6301727,6330358,26.44,100,2,0
130350440,0,6310364,6330358,26.44,200,2,0
130356270,0,6332766,6331004,26.45,100,1,0
130359690,0,6310364,6334042,26.44,300,2,0
130359690,0,6312043,6334042,26.44,300,2,0
130359690,0,6312165,6334042,26.44,900,2,0
130359690,0,6316426,6334042,26.44,1000,2,0
130359690,0,6323977,6334042,26.44,200,2,0
130404250,0,6336313,6331004,26.45,100,1,0
130404250,0,6336313,6331030,26.45,400,1,0
130414990,0,6341783,6333784,26.45,300,1,0
130414990,0,6341783,6334502,26.45,100,1,0
130414990,0,6341783,6335098,26.45,300,1,0
130414990,0,6341783,6337137,26.45,200,1,0
130414990,0,6341783,6338017,26.45,1000,1,0
130414990,0,6341783,6339492,26.45,100,1,0
130420060,0,6341783,6343805,26.45,200,2,0
130446100,0,6341783,6356257,26.45,200,2,0
130451280,0,6343384,6359528,26.45,600,2,0
130451500,0,6359675,6256049,26.46,200,1,0
130454250,0,6343384,6361438,26.45,200,2,0
130454700,0,6343384,6361677,26.45,200,2,0
130506140,0,6345696,6369310,26.45,2000,2,0
130506440,0,6345696,6369564,26.45,500,2,0
130506440,0,6345696,6369565,26.45,800,2,0
130508270,0,6356947,6370937,26.45,500,2,0
130508340,0,6370988,6337740,26.46,100,1,0
130509290,0,6371590,6347157,26.46,1000,1,0
130514900,0,6374731,6354818,26.46,100,1,0
130517560,0,6376190,6357065,26.46,300,1,0
130518210,0,6360090,6376512,26.45,500,2,0
130537870,0,6386100,6244536,26.47,100,1,0
130538970,0,6379606,6386471,26.46,5000,2,0
130548230,0,6379606,6390304,26.46,900,2,0
130600570,0,6397327,6244536,26.47,200,1,0
130613180,0,6385721,6405009,26.46,300,2,0
130615900,0,6385721,6406283,26.46,14700,2,0
130615900,0,6386845,6406283,26.46,1000,2,0
130615900,0,6391641,6406283,26.46,100,2,0
130615900,0,6396350,6406283,26.46,300,2,0
130615900,0,6396902,6406283,26.46,100,2,0
130618260,0,6376926,6407218,26.45,800,2,0
130621950,0,6376926,6408859,26.45,300,2,0
130622090,0,6376926,6408923,26.45,1200,2,0
130634410,0,6376926,6414654,26.45,300,2,0
130634410,0,6378083,6414654,26.45,900,2,0
130636070,0,6378083,6415533,26.45,100,2,0
130640440,0,6383226,6417435,26.45,400,2,0
130643270,0,6386628,6418720,26.45,300,2,0
130644050,0,6386628,6419029,26.45,700,2,0
130644050,0,6387188,6419029,26.45,1000,2,0
130648260,0,6387188,6420907,26.45,200,2,0
130659200,0,6398719,6425637,26.45,100,2,0
130659200,0,6419234,6425637,26.45,200,2,0
130659200,0,6376413,6425637,26.44,100,2,0
130659200,0,6379226,6425637,26.44,8000,2,0
130659200,0,6400104,6425637,26.44,100,2,0
130659200,0,6412766,6425637,26.44,600,2,0
130702440,0,6301877,6427695,26.43,300,2,0
130703020,0,6427954,6427726,26.45,200,1,0
130708950,0,6431124,6406283,26.46,100,1,0
130711920,0,6303970,6432404,26.43,500,2,0
130714330,0,6315644,6433524,26.43,300,2,0
130715100,0,6433926,6432478,26.45,2000,1,0
130728140,0,6438921,6439620,26.44,200,2,0
130729340,0,6438921,6440047,26.44,800,2,0
130731780,0,6438921,6441470,26.44,1900,2,0
130731780,0,6439229,6441470,26.44,200,2,0
130731780,0,6439985,6441470,26.44,300,2,0
130731780,0,6440419,6441470,26.44,1000,2,0
130733870,0,6442568,6441470,26.44,300,1,0
130743780,0,6315644,6447263,26.43,300,2,0
130746840,0,6448487,6441470,26.44,1000,1,0
130748030,0,6315644,6448916,26.43,3100,2,0
130748030,0,6315644,6448917,26.43,2700,2,0
130748030,0,6315644,6448918,26.43,800,2,0
130748030,0,6328802,6448918,26.43,100,2,0
130748030,0,6332528,6448918,26.43,500,2,0
130748030,0,6334585,6448918,26.43,1300,2,0
130748280,0,6334585,6449030,26.43,200,2,0
130751280,0,6334585,6450219,26.43,900,2,0
130756020,0,6359266,6452524,26.43,400,2,0
130758670,0,6453726,6441470,26.44,200,1,0
130800090,0,6359266,6454414,26.43,700,2,0
130821290,0,6437571,6464811,26.43,800,2,0
130821290,0,6437571,6464812,26.43,200,2,0
130824820,0,6466235,6441470,26.44,200,1,0
130825870,0,6466721,6447672,26.44,100,1,0
130826440,0,6466949,6448629,26.44,100,1,0
130826440,0,6466949,6448810,26.44,100,1,0
130826890,0,6437571,6467100,26.43,300,2,0
130827220,0,6467212,6459895,26.44,100,1,0
130827670,0,6467224,6467372,26.44,100,2,0
130828430,0,6437571,6467651,26.43,100,2,0
130828880,0,6467695,6467908,26.44,700,2,0
130828880,0,6437571,6467908,26.43,8300,2,0
130830910,0,6437571,6469013,26.43,400,2,0
130834040,0,6470480,6470517,26.44,300,2,0
130834040,0,6470505,6470517,26.44,200,2,0
130842280,0,6474127,6439485,26.45,800,1,0
130842280,0,6474127,6441986,26.45,200,1,0
130842280,0,6474127,6450447,26.45,600,1,0
130842280,0,6474127,6469926,26.45,800,1,0
130842280,0,6474127,6471776,26.45,100,1,0
130847970,0,6475223,6476612,26.44,100,2,0
130847970,0,6475225,6476612,26.44,100,2,0
130847970,0,6475228,6476612,26.44,100,2,0
130847970,0,6475878,6476612,26.44,100,2,0
130850320,0,6477445,6406283,26.46,100,1,0
130856150,0,6479677,6406283,26.46,1000,1,0
130857420,0,6480163,6406283,26.46,200,1,0
130903070,0,6482898,6482797,26.44,400,1,0
130909970,0,6486071,6486411,26.45,200,2,0
130911280,0,6486071,6487148,26.45,100,2,0
130911550,0,6484660,6487245,26.44,100,2,0
130929800,0,6488694,6494825,26.44,1000,2,0
130934730,0,6488694,6496956,26.44,300,2,0
130937160,0,6489845,6497936,26.44,300,2,0
130944600,0,6490987,6500959,26.44,200,2,0
130944600,0,6493679,6500959,26.44,100,2,0
130945490,0,6493679,6501381,26.44,600,2,0
130951300,0,6498901,6503722,26.44,200,2,0
130954730,0,6502308,6505234,26.44,100,2,0
131018100,0,6506797,6516835,26.44,300,2,0
131023650,0,6519409,6493329,26.45,300,1,0
131037120,0,6522068,6525546,26.44,300,2,0
131039890,0,6522068,6526734,26.44,100,2,0
131042890,0,6522068,6527905,26.44,500,2,0
131042890,0,6523835,6527905,26.44,500,2,0
131042890,0,6524650,6527905,26.44,100,2,0
131042890,0,6524766,6527905,26.44,100,2,0
131042890,0,6526382,6527905,26.44,500,2,0
131042890,0,6526410,6527905,26.44,300,2,0
131047090,0,6454112,6529989,26.43,100,2,0
131047090,0,6454784,6529989,26.43,200,2,0
131051070,0,6531803,6527905,26.44,200,1,0
131055720,0,6533845,6527905,26.44,2000,1,0
131103840,0,6457914,6537379,26.43,1000,2,0
131103840,0,6458227,6537379,26.43,1000,2,0
131116360,0,6543279,6527905,26.44,300,1,0
131118290,0,6458227,6544404,26.43,900,2,0
131120520,0,6458227,6546019,26.43,4000,2,0
131120680,0,6458227,6546098,26.43,300,2,0
131129280,0,6549737,6532224,26.44,100,1,0
131130320,0,6550497,6543111,26.44,100,1,0
131141860,0,6558244,6519768,26.45,100,1,0
131141860,0,6558244,6525319,26.45,400,1,0
131141870,0,6558265,6525700,26.45,300,1,0
131141870,0,6558265,6527906,26.45,200,1,0
131144670,0,6554630,6561860,26.44,100,2,0
131145420,0,6458227,6562565,26.43,300,2,0
131148630,0,6458227,6564851,26.43,500,2,0
131153360,0,6567773,6531503,26.45,100,1,0
131158610,0,6570515,6541619,26.45,900,1,0
131158610,0,6570515,6567869,26.45,100,1,0
131219800,0,6583562,6576378,26.46,15,1,0
131221280,0,6584443,6583926,26.46,300,1,0
131226410,0,6586549,6368862,26.47,100,1,0
131228630,0,6586816,6587420,26.47,300,2,0
131230450,0,6586816,6588146,26.47,400,2,0
131235710,0,6590508,6519082,26.48,200,1,0
131236730,0,6591007,6590957,26.48,900,1,0
131240270,0,6592683,6222164,26.49,400,1,0
131240270,0,6592683,6591673,26.49,200,1,0
131240750,0,6591007,6592908,26.48,100,2,0
131242990,0,6594051,6591673,26.49,100,1,0
131248180,0,6596694,6144572,26.5,500,1,0
131253680,0,6599122,6144572,26.5,1000,1,0
131257280,0,6594051,6600559,26.49,600,2,0
131306510,0,6605280,6600559,26.49,400,1,0
131308200,0,6591007,6606407,26.48,300,2,0
131310630,0,6607645,6600559,26.49,200,1,0
131320350,0,6600003,6612941,26.48,200,2,0
131324470,0,6614896,6613884,26.48,300,1,0
131335940,0,6615088,6620024,26.47,200,2,0
131348250,0,6584443,6625190,26.46,200,2,0
131348560,0,6625289,6620024,26.47,500,1,0
131349480,0,6584443,6625637,26.46,300,2,0
131400800,0,6584443,6630174,26.46,3215,2,0
131400800,0,6620763,6630174,26.46,1400,2,0
131400800,0,6627251,6630174,26.46,5385,2,0
131404330,0,6627251,6632107,26.46,1000,2,0
131405640,0,6627251,6632879,26.46,3315,2,0
131416750,0,6581437,6638570,26.45,400,2,0
131418300,0,6592384,6639237,26.45,200,2,0
131421270,0,6592384,6640576,26.45,100,2,0
131421270,0,6598149,6640576,26.45,500,2,0
131421270,0,6602884,6640576,26.45,300,2,0
131431550,0,6602884,6645141,26.45,300,2,0
131442360,0,6602884,6649751,26.45,300,2,0
131451270,0,6602884,6653528,26.45,200,2,0
131451310,0,6602884,6653536,26.45,800,2,0
131453590,0,6602884,6654415,26.45,1900,2,0
131453590,0,6614843,6654415,26.45,700,2,0
131453590,0,6619331,6654415,26.45,3300,2,0
131458590,0,6624081,6656559,26.45,1000,2,0
131458590,0,6638704,6656559,26.45,1000,2,0
131458590,0,6639248,6656559,26.45,100,2,0
131458590,0,6642625,6656559,26.45,500,2,0
131509300,0,6569585,6661908,26.44,700,2,0
131511800,0,6575390,6663500,26.44,100,2,0
131511800,0,6575766,6663500,26.44,500,2,0
131511800,0,6586047,6663500,26.44,400,2,0
131515200,0,6587517,6665365,26.44,1300,2,0
131515200,0,6642110,6665365,26.44,500,2,0
131515200,0,6649933,6665365,26.44,500,2,0
131516280,0,6649933,6665969,26.44,200,2,0
131517490,0,6649933,6666592,26.44,100,2,0
131517490,0,6662827,6666592,26.44,100,2,0
131519910,0,6663199,6668116,26.44,100,2,0
131519910,0,6664086,6668117,26.44,100,2,0
131521270,0,6664086,6669088,26.44,700,2,0
131521270,0,6668911,6669088,26.44,100,2,0
131534880,0,6458227,6676914,26.43,300,2,0
131540610,0,6679474,6674848,26.44,500,1,0
131540610,0,6679474,6675115,26.44,400,1,0
131540610,0,6679474,6675963,26.44,200,1,0
131540610,0,6679474,6676314,26.44,5200,1,0
131554470,0,6475084,6685337,26.43,1000,2,0
131606410,0,6534441,6691046,26.43,1800,2,0
131606410,0,6542320,6691056,26.43,100,2,0
131606410,0,6588649,6691056,26.43,1000,2,0
131606610,0,6629082,6691147,26.43,7600,2,0
131607890,0,6629082,6691799,26.43,900,2,0
131608350,0,6653666,6692037,26.43,200,2,0
131608350,0,6653666,6692038,26.43,100,2,0
131608350,0,6653666,6692039,26.43,200,2,0
131608350,0,6653666,6692040,26.43,100,2,0
131611130,0,6691084,6693280,26.43,300,2,0
131621230,0,812054,6698028,26.42,200,2,0
131626480,0,812054,6700433,26.42,400,2,0
131634780,0,6704174,6693280,26.43,100,1,0
131638680,0,986786,6705807,26.42,900,2,0
131638680,0,1695141,6705807,26.42,800,2,0
131640860,0,6706601,6693280,26.43,12900,1,0
131644980,0,6708147,6693280,26.43,100,1,0
131647440,0,1695141,6709224,26.42,200,2,0
131647440,0,2942437,6709224,26.42,100,2,0
131650210,0,6710415,6693451,26.43,300,1,0
131650210,0,6710415,6694894,26.43,100,1,0
131651220,0,5411378,6710855,26.42,100,2,0
131651220,0,5452870,6710855,26.42,100,2,0
131651810,0,6711074,6694894,26.43,100,1,0
131652860,0,5452870,6711482,26.42,200,2,0
131652860,0,5830401,6711482,26.42,100,2,0
131652860,0,6174584,6711482,26.42,100,2,0
131652860,0,6252730,6711482,26.42,400,2,0
131652860,0,6275001,6711482,26.42,1200,2,0
131654230,0,6301843,6711965,26.42,400,2,0
131706640,0,6717559,6701348,26.43,200,1,0
131706640,0,6717559,6703249,26.43,100,1,0
131706640,0,6717559,6714063,26.43,100,1,0
131706640,0,6717559,6716857,26.43,500,1,0
131711500,0,6472012,6719594,26.42,600,2,0
131711500,0,6494427,6719594,26.42,100,2,0
131711500,0,6535224,6719594,26.42,100,2,0
131711500,0,6543552,6719594,26.42,500,2,0
131711500,0,6585773,6719594,26.42,200,2,0
131711500,0,6586547,6719594,26.42,4500,2,0
131712170,0,6586547,6719851,26.42,5000,2,0
131712700,0,6586547,6720040,26.42,500,2,0
131712700,0,6590897,6720040,26.42,3500,2,0
131718230,0,6590897,6722637,26.42,300,2,0
131718660,0,6722782,6717988,26.43,100,1,0
131718710,0,6722809,6720047,26.43,300,1,0
131732840,0,6590897,6728818,26.42,300,2,0
131738570,0,6731418,6720047,26.43,100,1,0
131738570,0,6731418,6723031,26.43,100,1,0
131745130,0,6664732,6734395,26.42,500,2,0
131746890,0,6683970,6735286,26.42,1900,2,0
131747140,0,6735375,6727400,26.43,200,1,0
131747140,0,6735375,6727452,26.43,100,1,0
131747140,0,6735375,6730196,26.43,200,1,0
131747140,0,6735375,6733730,26.43,100,1,0
131747140,0,6735375,6733897,26.43,700,1,0
131753290,0,6737422,6737997,26.43,100,2,0
131803830,0,6698813,6742563,26.42,100,2,0
131804050,0,6698813,6742669,26.42,600,2,0
131806670,0,6704680,6744078,26.42,100,2,0
131809630,0,6707711,6745594,26.42,200,2,0
131812310,0,6747026,6737997,26.43,300,1,0
131817590,0,6710222,6749445,26.42,200,2,0
131817590,0,6733645,6749445,26.42,1600,2,0
131817590,0,6748848,6749445,26.42,100,2,0
131818250,0,574223,6749783,26.41,500,2,0
131819140,0,596606,6750207,26.41,100,2,0
131821050,0,6751119,6749445,26.42,200,1,0
131828770,0,6754675,6750137,26.42,300,1,0
131829290,0,6754983,6750137,26.42,100,1,0
131836200,0,6758284,6755024,26.42,200,1,0
131836200,0,6758284,6758009,26.42,100,1,0
131836670,0,6758545,6739130,26.43,300,1,0
131845960,0,6758284,6762244,26.42,200,2,0
131857190,0,6758284,6767033,26.42,6600,2,0
131857190,0,6759520,6767033,26.42,1000,2,0
131858450,0,706344,6767501,26.41,300,2,0
131858450,0,749399,6767501,26.41,100,2,0
131901270,0,6768636,6767033,26.42,500,1,0
131905410,0,6770361,6767033,26.42,2000,1,0
131905990,0,1754262,6770623,26.41,500,2,0
131907190,0,6771156,6767033,26.42,100,1,0
131913690,0,2541890,6774128,26.41,400,2,0
131915980,0,2541890,6775195,26.41,500,2,0
131921230,0,2541890,6777480,26.41,200,2,0
131921280,0,2541890,6777497,26.41,700,2,0
131921280,0,2884131,6777497,26.41,100,2,0
131922010,0,6777790,6767033,26.42,100,1,0
131929350,0,6780506,6767033,26.42,500,1,0
131939390,0,6784516,6767033,26.42,500,1,0
131940390,0,2884131,6784925,26.41,400,2,0
131950220,0,6788614,6767033,26.42,1000,1,0
131951210,0,2884131,6788920,26.41,200,2,0
131951250,0,2884131,6788925,26.41,900,2,0
131953270,0,6789635,6767033,26.42,800,1,0
131956850,0,6791082,6767033,26.42,100,1,0
131959090,0,4096700,6791956,26.41,300,2,0
131959090,0,5398441,6791956,26.41,100,2,0
131959090,0,5463845,6791956,26.41,100,2,0
131959610,0,6792147,6767033,26.42,200,1,0
132000450,0,5463845,6792443,26.41,200,2,0
132008200,0,6796311,6767033,26.42,100,1,0
132008200,0,6796311,6767546,26.42,100,1,0
132008200,0,6796311,6769265,26.42,100,1,0
132008200,0,6796311,6771511,26.42,200,1,0
132008200,0,6796311,6774619,26.42,300,1,0
132008200,0,6796311,6776592,26.42,200,1,0
132010370,0,5485271,6797450,26.41,400,2,0
132010960,0,6797726,6776592,26.42,100,1,0
132010960,0,6797726,6776697,26.42,400,1,0
132010960,0,6797726,6783122,26.42,100,1,0
132010960,0,6797726,6785661,26.42,1000,1,0
132010960,0,6797726,6792065,26.42,300,1,0
132012050,0,6798190,6793559,26.42,200,1,0
132012570,0,5485271,6798445,26.41,400,2,0
132013920,0,5513299,6799000,26.41,100,2,0
132013920,0,5567254,6799000,26.41,400,2,0
132013920,0,5615429,6799000,26.41,500,2,0
132013920,0,5645372,6799000,26.41,1000,2,0
132013920,0,5691947,6799000,26.41,8800,2,0
132017140,0,5691947,6800518,26.41,1800,2,0
132019850,0,6801729,6795122,26.42,100,1,0
132024640,0,6803747,6795430,26.42,500,1,0
132024640,0,6803747,6801868,26.42,400,1,0
132032170,0,6807283,6805564,26.42,100,1,0
132033280,0,6807284,6807859,26.42,100,2,0
132033280,0,6807294,6807859,26.42,200,2,0
132033280,0,6807405,6807859,26.42,400,2,0
132033280,0,6807421,6807859,26.42,100,2,0
132037190,0,5691947,6809614,26.41,400,2,0
132045070,0,6809672,6812895,26.42,1000,2,0
132046720,0,6812832,6813535,26.42,1000,2,0
132048580,0,6812832,6814331,26.42,100,2,0
132049750,0,6812832,6814691,26.42,400,2,0
132056720,0,6812832,6817417,26.42,500,2,0
132100160,0,6819464,6817417,26.42,1000,1,0
132105740,0,5691947,6823663,26.41,400,2,0
132109410,0,6826189,6817417,26.42,5000,1,0
132115060,0,5749104,6828673,26.41,5000,2,0
132117420,0,6437028,6829892,26.41,1000,2,0
132118250,0,6437028,6830302,26.41,200,2,0
132121480,0,6445093,6831575,26.41,200,2,0
132125630,0,6463747,6833623,26.41,100,2,0
132125630,0,6469206,6833623,26.41,100,2,0
132125630,0,6470813,6833623,26.41,300,2,0
132126000,0,6470813,6833801,26.41,100,2,0
132126000,0,6480992,6833801,26.41,200,2,0
132126000,0,6519935,6833801,26.41,200,2,0
132126000,0,6522685,6833801,26.41,500,2,0
132126000,0,6541102,6833801,26.41,200,2,0
132126000,0,6549506,6833801,26.41,400,2,0
132126000,0,6551521,6833801,26.41,100,2,0
132129160,0,6704055,6835093,26.41,400,2,0
132129160,0,6724823,6835093,26.41,800,2,0
132129160,0,6749557,6835093,26.41,300,2,0
132129160,0,6760168,6835093,26.41,100,2,0
132129160,0,6760333,6835093,26.41,500,2,0
132129160,0,6762831,6835093,26.41,300,2,0
132129160,0,6765712,6835093,26.41,100,2,0
132129160,0,6777628,6835093,26.41,100,2,0
132129160,0,6791929,6835093,26.41,100,2,0
132137910,0,6806703,6838867,26.41,100,2,0
132148230,0,6806703,6843462,26.41,300,2,0
132148230,0,6807416,6843462,26.41,500,2,0
132149610,0,6807416,6843861,26.41,2800,2,0
132157900,0,6807416,6847404,26.41,500,2,0
132158530,0,6847720,6817417,26.42,500,1,0
132159940,0,6807416,6848432,26.41,200,2,0
132207890,0,6807416,6852703,26.41,100,2,0
132209270,0,6807416,6853376,26.41,2200,2,0
132209270,0,6811207,6853376,26.41,300,2,0
132221260,0,6817286,6858321,26.41,800,2,0
132225940,0,6860270,6817417,26.42,400,1,0
132226040,0,6817286,6860295,26.41,8300,2,0
132228900,0,6817286,6861395,26.41,300,2,0
132228930,0,6817286,6861414,26.41,100,2,0
132228940,0,6827088,6861418,26.41,200,2,0
132228940,0,6836898,6861424,26.41,400,2,0
132228970,0,6836898,6861456,26.41,100,2,0
132229020,0,6836898,6861474,26.41,400,2,0
132229070,0,6837019,6861485,26.41,200,2,0
132229070,0,6837313,6861485,26.41,100,2,0
132229100,0,6837313,6861491,26.41,400,2,0
132229890,0,6849522,6861793,26.41,1100,2,0
132230960,0,6849522,6862173,26.41,500,2,0
132230960,0,6858204,6862173,26.41,100,2,0
132231980,0,294018,6862633,26.4,100,2,0
132234470,0,330908,6863677,26.4,500,2,0
132234780,0,330908,6863782,26.4,100,2,0
132234920,0,330908,6863818,26.4,200,2,0
132234920,0,333697,6863818,26.4,300,2,0
132234920,0,350143,6863821,26.4,100,2,0
132234920,0,438616,6863821,26.4,100,2,0
132234920,0,481315,6863821,26.4,300,2,0
132235280,0,583420,6863919,26.4,100,2,0
132235280,0,592879,6863920,26.4,100,2,0
132235280,0,592879,6863921,26.4,300,2,0
132235480,0,592879,6863990,26.4,100,2,0
132235480,0,592879,6863991,26.4,100,2,0
132235930,0,6864156,6862173,26.41,600,1,0
132236340,0,604638,6864325,26.4,300,2,0
132236460,0,617307,6864388,26.4,2000,2,0
132236460,0,636192,6864388,26.4,400,2,0
132236590,0,673194,6864432,26.4,100,2,0
132236840,0,673194,6864547,26.4,100,2,0
132237470,0,673194,6864737,26.4,100,2,0
132238270,0,673194,6864997,26.4,100,2,0
132238430,0,6865068,6862173,26.41,300,1,0
132240900,0,884761,6865980,26.4,100,2,0
132241820,0,884761,6866403,26.4,200,2,0
132241820,0,902448,6866403,26.4,200,2,0
132241940,0,902448,6866456,26.4,300,2,0
132242310,0,1100926,6866583,26.4,500,2,0
132242310,0,2030916,6866583,26.4,200,2,0
132248550,0,3031492,6869070,26.4,200,2,0
132251210,0,3031492,6870052,26.4,900,2,0
132253860,0,6871102,6862173,26.41,500,1,0
132255790,0,3031492,6871849,26.4,2000,2,0
132256690,0,3031492,6872171,26.4,800,2,0
132257000,0,3031492,6872271,26.4,300,2,0
132257000,0,3620374,6872271,26.4,500,2,0
132257000,0,3655510,6872271,26.4,100,2,0
132257000,0,3750812,6872271,26.4,100,2,0
132257000,0,4051496,6872271,26.4,100,2,0
132257000,0,5224275,6872271,26.4,100,2,0
132257000,0,5252038,6872271,26.4,1000,2,0
132257000,0,5312858,6872271,26.4,500,2,0
132257000,0,5408694,6872271,26.4,400,2,0
132257000,0,5411526,6872271,26.4,5000,2,0
132257000,0,5416194,6872271,26.4,100,2,0
132257000,0,5420508,6872271,26.4,400,2,0
132257000,0,5423765,6872271,26.4,300,2,0
132257000,0,5430028,6872271,26.4,200,2,0
132257000,0,5433440,6872271,26.4,200,2,0
132257000,0,5481392,6872271,26.4,600,2,0
132257000,0,5599078,6872271,26.4,100,2,0
132257000,0,5614341,6872271,26.4,200,2,0
132257000,0,5616595,6872271,26.4,500,2,0
132257960,0,5650685,6872636,26.4,100,2,0
132257960,0,5740764,6872636,26.4,500,2,0
132258870,0,5881896,6872998,26.4,1200,2,0
132259510,0,5881896,6873221,26.4,2800,2,0
132259510,0,6015165,6873221,26.4,200,2,0
132301650,0,6082781,6874141,26.4,400,2,0
132304680,0,6149704,6875994,26.4,300,2,0
132304680,0,6149704,6875998,26.4,200,2,0
132304680,0,6165701,6875998,26.4,100,2,0
132305570,0,6165701,6876454,26.4,100,2,0
132305570,0,6190394,6876457,26.4,2000,2,0
132308020,0,6286826,6877434,26.4,500,2,0
132308950,0,6877847,6862173,26.41,500,1,0
132312060,0,6313457,6878945,26.4,200,2,0
132318240,0,6318100,6881505,26.4,500,2,0
132318240,0,6337907,6881505,26.4,100,2,0
132318240,0,6346775,6881505,26.4,100,2,0
132318240,0,6362692,6881505,26.4,100,2,0
132327070,0,6362692,6884755,26.4,300,2,0
132328310,0,6885200,6862645,26.41,500,1,0
132330910,0,6478185,6886105,26.4,200,2,0
132332460,0,6886860,6862650,26.41,300,1,0
132332460,0,6886860,6869055,26.41,2000,1,0
132332460,0,6886860,6882014,26.41,200,1,0
132332460,0,6886860,6886284,26.41,800,1,0
132332510,0,6886860,6886879,26.41,100,2,0
132336370,0,6479779,6888218,26.4,200,2,0
132337200,0,6888551,6887582,26.41,300,1,0
132341460,0,6888551,6890134,26.41,2400,2,0
132342050,0,6532869,6890333,26.4,400,2,0
132342050,0,6552963,6890333,26.4,600,2,0
132343040,0,6555651,6890645,26.4,100,2,0
132358200,0,6702746,6896422,26.4,300,2,0
132413910,0,6759934,6904103,26.4,100,2,0
132413910,0,6760275,6904103,26.4,300,2,0
132413910,0,6765591,6904103,26.4,300,2,0
132415190,0,6785045,6904643,26.4,100,2,0
132416880,0,6789757,6905417,26.4,500,2,0
132418230,0,6789757,6906053,26.4,200,2,0
132427550,0,6909955,6891155,26.41,1000,1,0
132429340,0,6797806,6910642,26.4,400,2,0
132429340,0,6799263,6910642,26.4,500,2,0
132429340,0,6811556,6910642,26.4,200,2,0
132430280,0,6812715,6910942,26.4,100,2,0
132430280,0,6825621,6910942,26.4,900,2,0
132430530,0,6834902,6911043,26.4,100,2,0
132432490,0,6911929,6891155,26.41,3000,1,0
132433100,0,6863313,6912121,26.4,700,2,0
132433100,0,6869225,6912121,26.4,100,2,0
132433100,0,6871097,6912121,26.4,200,2,0
132433100,0,6873229,6912121,26.4,300,2,0
132434810,0,6873229,6912725,26.4,900,2,0
132435100,0,6876594,6912897,26.4,300,2,0
132435100,0,6879748,6912897,26.4,200,2,0
132435520,0,6891216,6913072,26.4,600,2,0
132437970,0,6891216,6914033,26.4,600,2,0
132438280,0,6891216,6914142,26.4,2000,2,0
132438790,0,6891216,6914331,26.4,400,2,0
132438790,0,6893018,6914331,26.4,100,2,0
132438790,0,6894905,6914331,26.4,100,2,0
132448310,0,6895204,6918898,26.4,200,2,0
132448750,0,6895204,6919468,26.4,300,2,0
132448750,0,6904461,6919468,26.4,100,2,0
132448750,0,6904542,6919468,26.4,100,2,0
132453270,0,6906519,6922302,26.4,500,2,0
132453270,0,6906779,6922302,26.4,500,2,0
132456300,0,6906779,6923868,26.4,500,2,0
132514800,0,6932785,6908703,26.41,500,1,0
132514800,0,6932785,6929104,26.41,100,1,0
132516840,0,6933861,6929728,26.41,100,1,0
132517690,0,6934300,6929728,26.41,500,1,0
132519330,0,6935217,6929728,26.41,100,1,0
132519680,0,6910110,6935383,26.4,200,2,0
132526460,0,6938272,6937514,26.41,900,1,0
132530050,0,6939679,6937514,26.41,200,1,0
132535640,0,6924883,6941765,26.4,2700,2,0
132545420,0,6931401,6945345,26.4,100,2,0
132548230,0,6934837,6946370,26.4,100,2,0
132550290,0,6935781,6947237,26.4,300,2,0
132550290,0,6936823,6947237,26.4,100,2,0
132550290,0,6938338,6947237,26.4,100,2,0
132555580,0,6940165,6949673,26.4,100,2,0
132557180,0,6950358,6949701,26.4,300,1,0
132609020,0,6955961,6949701,26.4,400,1,0
132611630,0,314611,6957157,26.39,100,2,0
132616530,0,4275917,6959265,26.39,400,2,0
132618000,0,5454879,6959975,26.39,600,2,0
132618230,0,5454879,6960098,26.39,200,2,0
132622890,0,6961943,6949701,26.4,1000,1,0
132623580,0,6962226,6949701,26.4,800,1,0
132623580,0,6962226,6954067,26.4,400,1,0
132623580,0,6962226,6954201,26.4,200,1,0
132623580,0,6962226,6958402,26.4,100,1,0
132623580,0,6962226,6960173,26.4,1800,1,0
132626030,0,6962226,6963361,26.4,500,2,0
132631480,0,6962226,6965394,26.4,300,2,0
132636510,0,6966843,6967545,26.4,500,2,0
132642400,0,6967244,6969668,26.4,500,2,0
132644400,0,6967244,6970297,26.4,1000,2,0
132645220,0,6967244,6970579,26.4,200,2,0
132646780,0,6967244,6971136,26.4,2900,2,0
132646780,0,6967972,6971136,26.4,100,2,0
132646780,0,6969420,6971136,26.4,300,2,0
132651840,0,6972882,6937514,26.41,200,1,0
132653790,0,6973566,6937514,26.41,100,1,0
132705930,0,6979410,6974579,26.4,4200,1,0
132707190,0,6980083,6974579,26.4,600,1,0
132709550,0,5607086,6981294,26.39,800,2,0
132716320,0,6184998,6984915,26.39,300,2,0
132716320,0,6473943,6984915,26.39,3000,2,0
132718220,0,6473943,6985939,26.39,200,2,0
132720320,0,6550949,6986917,26.39,200,2,0
132721650,0,6883006,6987593,26.39,800,2,0
132721650,0,6963864,6987593,26.39,200,2,0
132721650,0,6973982,6987593,26.39,600,2,0
132721650,0,6986880,6987593,26.39,500,2,0
132722970,0,82455,6988187,26.38,200,2,0
132722980,0,263151,6988190,26.38,300,2,0
132728370,0,263151,6990534,26.38,600,2,0
132731230,0,263151,6991693,26.38,1000,2,0
132731950,0,1916739,6991992,26.38,300,2,0
132732520,0,1916739,6992245,26.38,3000,2,0
132733610,0,6992791,6987653,26.39,100,1,0
132734320,0,1916739,6993067,26.38,1000,2,0
132734450,0,1916739,6993112,26.38,1900,2,0
132734970,0,1916739,6993308,26.38,300,2,0
132735140,0,6993386,6987653,26.39,400,1,0
132735140,0,6993386,6989844,26.39,200,1,0
132735590,0,1916739,6993586,26.38,200,2,0
132735700,0,1916739,6993646,26.38,4600,2,0
132735700,0,5443840,6993646,26.38,6200,2,0
132736460,0,5537544,6993950,26.38,200,2,0
132736460,0,6166484,6993950,26.38,2200,2,0
132736640,0,6166484,6994016,26.38,300,2,0
132736760,0,6166484,6994042,26.38,800,2,0
132737970,0,6180845,6994633,26.38,100,2,0
132737970,0,6509153,6994637,26.38,300,2,0
132737980,0,6509153,6994699,26.38,400,2,0
132738000,0,6509153,6994714,26.38,500,2,0
132738680,0,6509153,6995009,26.38,1300,2,0
132738680,0,6658471,6995009,26.38,2000,2,0
132738680,0,6685574,6995009,26.38,200,2,0
132739090,0,6791837,6995137,26.38,400,2,0
132739090,0,6799313,6995137,26.38,200,2,0
132739090,0,6800855,6995137,26.38,200,2,0
132739090,0,6817188,6995137,26.38,300,2,0
132739090,0,6832048,6995137,26.38,500,2,0
132739090,0,6854440,6995137,26.38,400,2,0
132739090,0,6876902,6995137,26.38,1000,2,0
132739090,0,6892143,6995137,26.38,500,2,0
132739200,0,6924786,6995181,26.38,500,2,0
132739200,0,6984553,6995181,26.38,100,2,0
132740680,0,6995780,6995181,26.38,100,1,0
132746580,0,173451,6997867,26.37,400,2,0
132747040,0,1361434,6998051,26.37,100,2,0
132748410,0,6163143,6998786,26.37,500,2,0
132748410,0,6184348,6998786,26.37,100,2,0
132748890,0,6874346,6998967,26.37,100,2,0
132753890,0,6877693,7000939,26.37,1100,2,0
132753890,0,6998495,7000939,26.37,1000,2,0
132815280,0,6159679,7011039,26.36,200,2,0
132816380,0,6159679,7011457,26.36,300,2,0
132816380,0,6859882,7011457,26.36,100,2,0
132816430,0,6859882,7011476,26.36,3800,2,0
132816490,0,6877408,7011485,26.36,1800,2,0
132818030,0,6879744,7012123,26.36,1000,2,0
132822040,0,6931563,7013759,26.36,100,2,0
132822460,0,6981954,7013903,26.36,100,2,0
132825680,0,7001182,7014899,26.36,1400,2,0
132829810,0,7001182,7016537,26.36,2000,2,0
132832970,0,7001182,7017939,26.36,1300,2,0
132832970,0,7008330,7017939,26.36,100,2,0
132832970,0,7011278,7017939,26.36,500,2,0
132832970,0,7013089,7017939,26.36,100,2,0
132836290,0,7013089,7019666,26.36,2600,2,0
132843960,0,602937,7023356,26.35,100,2,0
132846520,0,7024276,7019684,26.36,1000,1,0
132848290,0,5419072,7024881,26.35,100,2,0
132849180,0,5802332,7025165,26.35,600,2,0
132849520,0,6146045,7025312,26.35,100,2,0
132850410,0,6631706,7025699,26.35,200,2,0
132853430,0,6925731,7026924,26.35,200,2,0
132853560,0,6954792,7026991,26.35,200,2,0
132853560,0,6963600,7026991,26.35,100,2,0
132853560,0,7000681,7026991,26.35,1500,2,0
132853560,0,7004146,7026991,26.35,500,2,0
132853560,0,7015445,7026991,26.35,100,2,0
132856310,0,7027074,7028128,26.35,200,2,0
132858860,0,82148,7029452,26.34,100,2,0
132858860,0,250205,7029452,26.34,100,2,0
132858950,0,300830,7029477,26.34,900,2,0
132858950,0,94751,7029477,26.33,2500,2,0
132858950,0,5694906,7029477,26.33,200,2,0
132858950,0,5961207,7029477,26.33,600,2,0
132858950,0,6297220,7029477,26.33,1200,2,0
132858950,0,7022989,7029477,26.33,1000,2,0
132903000,0,5422994,7031611,26.32,100,2,0
132908480,0,7034165,7032548,26.33,100,1,0
132912660,0,7036106,7031355,26.34,100,1,0
132914440,0,7035762,7036888,26.33,400,2,0
132915950,0,7037584,7033323,26.34,200,1,0
132916230,0,7035762,7037760,26.33,300,2,0
132916970,0,7038139,7037760,26.33,100,1,0
132916980,0,7038142,7037760,26.33,100,1,0
132917390,0,7038354,7037760,26.33,100,1,0
132917390,0,7038355,7037760,26.33,100,1,0
132920970,0,6707021,7040032,26.32,500,2,0
132922220,0,7040545,7037783,26.33,200,1,0
132926170,0,6890633,7042388,26.32,400,2,0
132926300,0,7042437,7037783,26.33,200,1,0
132927460,0,6890633,7042882,26.32,800,2,0
132927460,0,7019195,7042882,26.32,500,2,0
132927460,0,7027695,7042882,26.32,100,2,0
132927460,0,7030430,7042882,26.32,500,2,0
132927460,0,7033980,7042882,26.32,100,2,0
132927460,0,7035139,7042882,26.32,200,2,0
132927460,0,7041273,7042882,26.32,600,2,0
132927640,0,7042971,7037783,26.33,400,1,0
132928300,0,7043222,7037783,26.33,100,1,0
132928410,0,7041273,7043284,26.32,700,2,0
132928410,0,7041960,7043284,26.32,5000,2,0
132928410,0,7042065,7043284,26.32,100,2,0
132928600,0,7043379,7043284,26.32,200,1,0
132929290,0,7043656,7043284,26.32,100,1,0
132930140,0,7043945,7043284,26.32,100,1,0
132931240,0,7044378,7043284,26.32,100,1,0
132932800,0,7045042,7043284,26.32,200,1,0
132932830,0,7045051,7043284,26.32,200,1,0
132932830,0,109390,7045055,26.31,600,2,0
132932950,0,7045132,7043284,26.32,200,1,0
132934310,0,7045746,7043284,26.32,100,1,0
132934500,0,7045833,7043284,26.32,100,1,0
132934500,0,7045833,7043947,26.32,400,1,0
132935100,0,109390,7046094,26.31,2800,2,0
132935300,0,7046204,7043947,26.32,100,1,0
132935300,0,7046205,7043947,26.32,100,1,0
132935300,0,7046206,7043947,26.32,100,1,0
132935430,0,7046265,7043947,26.32,200,1,0
132935480,0,109390,7046290,26.31,700,2,0
132936780,0,7046617,7047005,26.33,400,2,0
132937370,0,7047240,7047311,26.32,1000,2,0
132941790,0,7049260,7047311,26.32,500,1,0
132944010,0,7050083,7047311,26.32,1100,1,0
132945200,0,5567550,7050443,26.31,1000,2,0
132947680,0,7051435,7047311,26.32,100,1,0
132947680,0,7051436,7047311,26.32,100,1,0
132948140,0,7051579,7047311,26.32,100,1,0
132949230,0,7052122,7047311,26.32,100,1,0
132949680,0,7052329,7047311,26.32,300,1,0
132950680,0,7052708,7048730,26.32,100,1,0
132951230,0,5567550,7052953,26.31,800,2,0
132951250,0,5567550,7052962,26.31,400,2,0
132951420,0,7053024,7048730,26.32,300,1,0
132951420,0,7053024,7049430,26.32,100,1,0
132951630,0,5567550,7053120,26.31,1500,2,0
132951630,0,5636875,7053120,26.31,900,2,0
132951630,0,5748366,7053120,26.31,700,2,0
132951630,0,5774068,7053120,26.31,100,2,0
132951630,0,5774679,7053120,26.31,1000,2,0
132951630,0,5998932,7053120,26.31,300,2,0
132951630,0,6177941,7053120,26.31,700,2,0
132951630,0,6200351,7053120,26.31,200,2,0
132951630,0,6421451,7053120,26.31,100,2,0
132951630,0,6490775,7053120,26.31,100,2,0
132951630,0,6733247,7053120,26.31,100,2,0
132951630,0,6899283,7053120,26.31,300,2,0
132951630,0,6899285,7053120,26.31,6000,2,0
132951980,0,7053339,7049430,26.32,100,1,0
132952680,0,7053712,7049430,26.32,200,1,0
132952740,0,6899285,7053759,26.31,2500,2,0
132953410,0,6899285,7054257,26.31,600,2,0
132953490,0,6899285,7054285,26.31,900,2,0
132953490,0,6899353,7054285,26.31,7600,2,0
132953490,0,6904769,7054285,26.31,800,2,0
132953490,0,6920595,7054285,26.31,300,2,0
132953490,0,7010289,7054285,26.31,500,2,0
132953490,0,7019322,7054285,26.31,400,2,0
132953490,0,7022375,7054285,26.31,100,2,0
132953490,0,7027268,7054285,26.31,3400,2,0
132954490,0,7027268,7054680,26.31,500,2,0
132956000,0,7027268,7055316,26.31,600,2,0
132956120,0,7027268,7055359,26.31,2200,2,0
132956160,0,7034134,7055387,26.31,600,2,0
132956160,0,7038233,7055387,26.31,1000,2,0
132956160,0,7043472,7055387,26.31,200,2,0
132956860,0,7055631,7055387,26.31,500,1,0
132959820,0,7056835,7056147,26.31,300,1,0
132959820,0,7056836,7056147,26.31,100,1,0
132959820,0,7056837,7056147,26.31,500,1,0
132959820,0,7056838,7056147,26.31,300,1,0
133000340,0,7056838,7057102,26.31,100,2,0
133004050,0,7056839,7059862,26.31,100,2,0
133005240,0,7056882,7060789,26.31,100,2,0
133005240,0,7056884,7060789,26.31,100,2,0
133005240,0,7056885,7060789,26.31,200,2,0
133005240,0,7056886,7060789,26.31,400,2,0
133008070,0,7057151,7062627,26.31,100,2,0
133008070,0,7058078,7062627,26.31,100,2,0
133008210,0,7060142,7062722,26.31,400,2,0
133009920,0,7063713,7062827,26.31,500,1,0
133012600,0,7065612,7062827,26.31,200,1,0
133015690,0,43023,7067620,26.3,100,2,0
133016250,0,43023,7068000,26.3,1900,2,0
133016250,0,70057,7068000,26.3,500,2,0
133016250,0,111576,7068000,26.3,400,2,0
133016250,0,145748,7068000,26.3,200,2,0
133016250,0,294206,7068000,26.3,100,2,0
133016290,0,337421,7068021,26.3,200,2,0
133016900,0,7068445,7062827,26.31,100,1,0
133016930,0,7068458,7062827,26.31,100,1,0
133019580,0,545793,7070299,26.3,200,2,0
133019960,0,7070499,7062827,26.31,200,1,0
133021690,0,7071525,7062827,26.31,500,1,0
133025170,0,7073423,7062827,26.31,300,1,0
133026680,0,7074326,7062827,26.31,100,1,0
133026770,0,7074381,7062827,26.31,2000,1,0
133026870,0,7074434,7064558,26.31,400,1,0
133027180,0,7074602,7050583,26.32,200,1,0
133027340,0,7074690,7050583,26.32,500,1,0
133027420,0,7074452,7074742,26.31,1700,2,0
133027420,0,7074453,7074742,26.31,3100,2,0
133027420,0,592026,7074742,26.3,1500,2,0
133027420,0,592055,7074742,26.3,300,2,0
133027420,0,974618,7074742,26.3,200,2,0
133027420,0,1074955,7074742,26.3,200,2,0
133028130,0,1074955,7075092,26.3,200,2,0
133028130,0,1161955,7075092,26.3,200,2,0
133028130,0,1367360,7075092,26.3,500,2,0
133028130,0,3629006,7075092,26.3,500,2,0
133028130,0,4049179,7075092,26.3,200,2,0
133028130,0,4263266,7075092,26.3,400,2,0
133028740,0,4444953,7075451,26.3,100,2,0
133028990,0,5259928,7075565,26.3,400,2,0
133029480,0,5456764,7075845,26.3,1000,2,0
133029480,0,5741949,7075845,26.3,200,2,0
133029480,0,6192057,7075845,26.3,200,2,0
133029740,0,6997580,7075988,26.3,400,2,0
133029740,0,7038062,7075988,26.3,100,2,0
133029740,0,7045632,7075988,26.3,300,2,0
133029740,0,7049257,7075988,26.3,100,2,0
133029740,0,7050573,7075988,26.3,200,2,0
133029900,0,7076069,7051386,26.32,100,1,0
133030760,0,7050573,7076641,26.3,400,2,0
133035820,0,7076776,7079514,26.31,300,2,0
133036000,0,7076776,7079618,26.31,700,2,0
133036000,0,7077940,7079618,26.31,1000,2,0
133036000,0,7078028,7079618,26.31,1100,2,0
133036290,0,7050573,7079781,26.3,200,2,0
133036290,0,7055064,7079781,26.3,100,2,0
133037100,0,7080160,7079643,26.31,100,1,0
133037320,0,7080256,7079643,26.31,100,1,0
133037740,0,7080433,7079643,26.31,400,1,0
133037840,0,7073866,7080476,26.3,200,2,0
133037840,0,7074372,7080476,26.3,400,2,0
133042370,0,7082809,7079643,26.31,100,1,0
133043780,0,7074508,7083586,26.3,200,2,0
133043780,0,7076695,7083586,26.3,3000,2,0
133043780,0,7076772,7083586,26.3,200,2,0
133043780,0,7076922,7083586,26.3,400,2,0
133043780,0,7080490,7083586,26.3,100,2,0
133043880,0,7083619,7083586,26.3,100,1,0
133045740,0,7084441,7083586,26.3,200,1,0
133046840,0,7084947,7083586,26.3,100,1,0
133047020,0,7085035,7083586,26.3,100,1,0
133047050,0,7085036,7083586,26.3,100,1,0
133052000,0,7087149,7083586,26.3,700,1,0
133052540,0,7087361,7083586,26.3,900,1,0
133053970,0,6191160,7087950,26.29,400,2,0
133055520,0,7088605,7083586,26.3,100,1,0
133055700,0,7088719,7083586,26.3,100,1,0
133055700,0,7088720,7083586,26.3,100,1,0
133056040,0,6911146,7088917,26.29,700,2,0
133056090,0,6911146,7088940,26.29,300,2,0
133056090,0,7043985,7088940,26.29,2100,2,0
133056900,0,7089398,7083586,26.3,100,1,0
133058760,0,7090217,7083586,26.3,100,1,0
133100570,0,7044003,7091077,26.29,400,2,0
133101530,0,7073336,7091626,26.29,200,2,0
133102990,0,7092485,7083586,26.3,14900,1,0
133102990,0,7092485,7084757,26.3,3600,1,0
133102990,0,7092485,7086552,26.3,100,1,0
133102990,0,7092485,7088745,26.3,100,1,0
133102990,0,7092485,7089486,26.3,1300,1,0
133103480,0,7092837,7089486,26.3,100,1,0
133103900,0,7093144,7089486,26.3,400,1,0
133104700,0,7093614,7089486,26.3,100,1,0
133104770,0,7093649,7089486,26.3,5000,1,0
133104910,0,7093727,7089486,26.3,600,1,0
133105090,0,7093843,7090456,26.3,1500,1,0
133105360,0,7094034,7091814,26.3,600,1,0
133105890,0,7094343,7079643,26.31,200,1,0
133105980,0,7094087,7094384,26.3,100,2,0
133109450,0,7096248,7081318,26.31,100,1,0
133110540,0,7096707,7081318,26.31,100,1,0
133111490,0,7094203,7097200,26.3,100,2,0
133111570,0,7097231,7081318,26.31,2000,1,0
133111570,0,7097237,7088955,26.31,200,1,0
133111660,0,7094468,7097301,26.3,2000,2,0
133111900,0,7097415,7088955,26.31,100,1,0
133113520,0,7098267,7088955,26.31,100,1,0
133113520,0,7098277,7088955,26.31,100,1,0
133113520,0,7098279,7088955,26.31,100,1,0
133113520,0,7098281,7088955,26.31,200,1,0
133113520,0,7098282,7088955,26.31,100,1,0
133113530,0,7098287,7088955,26.31,100,1,0
133113530,0,7098288,7088955,26.31,100,1,0
133113530,0,7098289,7088955,26.31,100,1,0
133113730,0,7098446,7090704,26.31,600,1,0
133113890,0,7098526,7052546,26.32,100,1,0
133123650,0,7106196,7099562,26.32,100,1,0
133123920,0,7106397,7099562,26.32,200,1,0
133125010,0,7098446,7107502,26.31,1600,2,0
133125010,0,7098829,7107502,26.31,100,2,0
133125010,0,7098835,7107502,26.31,100,2,0
133125010,0,7098844,7107502,26.31,200,2,0
133125010,0,7098991,7107502,26.31,500,2,0
133125010,0,7099509,7107502,26.31,5000,2,0
133125010,0,7099698,7107502,26.31,200,2,0
133125010,0,7094901,7107502,26.3,500,2,0
133125530,0,7107880,7099562,26.32,100,1,0
133129690,0,7108008,7111023,26.31,500,2,0
133129690,0,7109131,7111023,26.31,300,2,0
133140290,0,7117593,7102812,26.32,100,1,0
133142850,0,7118722,7109804,26.32,200,1,0
133154430,0,7123639,7081977,26.33,100,1,0
133155890,0,7124496,7101684,26.33,400,1,0
133208580,0,7125486,7131516,26.33,200,2,0
133209400,0,7125604,7131909,26.33,200,2,0
133211770,0,7132866,7040024,26.34,100,1,0
133213010,0,7133399,7117141,26.34,400,1,0
133214520,0,7134170,7117141,26.34,1800,1,0
133215640,0,7125604,7134606,26.33,500,2,0
133218600,0,7135893,7129893,26.34,200,1,0
133219920,0,7135893,7136372,26.35,100,2,0
133219920,0,7135893,7136376,26.35,100,2,0
133221860,0,7135893,7137224,26.35,2100,2,0
133223020,0,7137722,7137224,26.34,1600,1,0
133223900,0,7138023,7137224,26.34,300,1,0
133223900,0,7138023,7137926,26.34,100,1,0
133225820,0,7138770,7021356,26.36,1100,1,0
133227760,0,7138023,7139506,26.34,100,2,0
133228910,0,7139907,7138970,26.35,200,1,0
133230730,0,7140269,7140623,26.34,300,2,0
133231060,0,7140728,7140623,26.34,500,1,0
133231830,0,7141186,7140623,26.34,600,1,0
133232550,0,7141604,7140623,26.34,200,1,0
133237930,0,7143958,7140623,26.34,100,1,0
133239800,0,7144644,7140623,26.34,1000,1,0
133244130,0,7125604,7146178,26.33,500,2,0
133245750,0,7146879,7140623,26.34,2000,1,0
133248250,0,7125604,7147621,26.33,800,2,0
133255980,0,7150211,7140623,26.34,400,1,0
133259530,0,7151551,7140623,26.34,100,1,0
133259720,0,7125604,7151610,26.33,500,2,0
133300870,0,7152105,7140623,26.34,100,1,0
133304550,0,7125604,7153999,26.33,2400,2,0
133304550,0,7126507,7153999,26.33,200,2,0
133304550,0,7131237,7153999,26.33,1000,2,0
133304550,0,7133417,7153999,26.33,500,2,0
133304550,0,7133954,7153999,26.33,900,2,0
133305370,0,7133954,7154522,26.33,100,2,0
133305370,0,7133954,7154529,26.33,500,2,0
133306980,0,7133954,7155592,26.33,100,2,0
133313340,0,7159317,7140623,26.34,300,1,0
133314870,0,7159968,7140623,26.34,500,1,0
133317900,0,7161441,7157677,26.34,100,1,0
133322680,0,7133954,7164001,26.33,2600,2,0
133322680,0,7143627,7164001,26.33,400,2,0
133322680,0,7149946,7164001,26.33,500,2,0
133322680,0,7150263,7164001,26.33,200,2,0
133322680,0,7153126,7164001,26.33,2300,2,0
133327010,0,7164905,7166175,26.34,100,2,0
133328490,0,7166792,7166299,26.34,800,1,0
133328880,0,7167003,7166984,26.34,200,1,0
133328880,0,7167009,7166984,26.34,800,1,0
133329590,0,7153126,7167417,26.33,1400,2,0
133329590,0,7158620,7167417,26.33,100,2,0
133329590,0,7161346,7167417,26.33,100,2,0
133329590,0,7162444,7167417,26.33,100,2,0
133329590,0,7166810,7167417,26.33,100,2,0
133332480,0,7168930,7166984,26.34,100,1,0
133333230,0,7169322,7166984,26.34,800,1,0
133333950,0,7169645,7167727,26.34,100,1,0
133334890,0,7166810,7170023,26.33,100,2,0
133337540,0,7171139,7167727,26.34,100,1,0
133337540,0,7171139,7168461,26.34,500,1,0
133337540,0,7171139,7168639,26.34,400,1,0
133342870,0,7173363,7151326,26.35,200,1,0
133348150,0,7175528,7151326,26.35,100,1,0
133354780,0,7178620,7169501,26.35,1600,1,0
133354780,0,7178620,7176867,26.35,500,1,0
133354780,0,7178620,7177915,26.35,100,1,0
133354780,0,7178620,7021356,26.36,1900,1,0
133354780,0,7178620,7023787,26.36,3500,1,0
133401920,0,7182188,7182058,26.35,100,1,0
133401920,0,7182188,7023787,26.36,1400,1,0
133401920,0,7182188,7023961,26.36,500,1,0
133409450,0,7185808,7183850,26.35,400,1,0
133409450,0,7185808,7185606,26.35,400,1,0
133411730,0,7175222,7186778,26.34,200,2,0
133412490,0,7187105,7185606,26.35,500,1,0
133415240,0,7175222,7188285,26.34,200,2,0
133415460,0,7180610,7188370,26.34,100,2,0
133416590,0,7188844,7185606,26.35,100,1,0
133417690,0,7181572,7189346,26.34,100,2,0
133418260,0,7181572,7189625,26.34,600,2,0
133418950,0,7185771,7189893,26.34,100,2,0
133422570,0,7182843,7191397,26.33,1000,2,0
133422570,0,7121140,7191397,26.32,3900,2,0
133428160,0,7191426,7193660,26.34,1000,2,0
133446950,0,7193833,7201889,26.33,100,2,0
133446950,0,7193946,7201889,26.33,200,2,0
133447910,0,7196099,7202396,26.33,500,2,0
133448290,0,7196313,7202540,26.33,900,2,0
133448440,0,7196313,7202641,26.33,100,2,0
133451660,0,7196313,7204234,26.33,2600,2,0
133451660,0,7201760,7204234,26.33,200,2,0
133457650,0,7206853,7204234,26.33,200,1,0
133500400,0,7208090,7204234,26.33,500,1,0
133513740,0,7214526,7204234,26.33,100,1,0
133517000,0,7123951,7216141,26.32,300,2,0
133521240,0,7123951,7218432,26.32,600,2,0
133522470,0,7125282,7219010,26.32,1000,2,0
133527880,0,7126699,7221316,26.32,2500,2,0
133528960,0,7221690,7204234,26.33,100,1,0
133529690,0,7127200,7222046,26.32,300,2,0
133531790,0,7127200,7222999,26.32,100,2,0
133532090,0,7127200,7223173,26.32,600,2,0
133532770,0,7223487,7204234,26.33,1000,1,0
133533510,0,7223973,7204234,26.33,200,1,0
133536090,0,7149604,7225040,26.32,400,2,0
133536090,0,7161730,7225040,26.32,1000,2,0
133536360,0,7194723,7225161,26.32,100,2,0
133541720,0,7212783,7227189,26.32,100,2,0
133541720,0,7213088,7227189,26.32,100,2,0
133541810,0,7219640,7227237,26.32,400,2,0
133542880,0,7227619,7204234,26.33,700,1,0
133543710,0,7227926,7204234,26.33,800,1,0
133544230,0,7228122,7204234,26.33,200,1,0
133544230,0,7228122,7205357,26.33,600,1,0
133548050,0,7229848,7228163,26.32,100,1,0
133548330,0,7110290,7229954,26.31,200,2,0
133549560,0,7110290,7230434,26.31,100,2,0
133549790,0,7230519,7228163,26.32,200,1,0
133553330,0,7231833,7228163,26.32,100,1,0
133556350,0,7118555,7232971,26.31,100,2,0
133559260,0,7148386,7234174,26.31,100,2,0
133601530,0,7235374,7228163,26.32,300,1,0
133604460,0,7197378,7237082,26.31,600,2,0
133604510,0,7232150,7237098,26.31,500,2,0
133605510,0,7237675,7228163,26.32,200,1,0
133607410,0,7237236,7238511,26.31,600,2,0
133610460,0,7237236,7240022,26.31,200,2,0
133612480,0,7237236,7240962,26.31,500,2,0
133613320,0,7238690,7241251,26.31,2200,2,0
133616980,0,7238690,7242591,26.31,700,2,0
133621150,0,7238690,7244148,26.31,500,2,0
133622880,0,7241715,7244738,26.31,1400,2,0
133623690,0,7241715,7245165,26.31,900,2,0
133623690,0,7242906,7245165,26.31,300,2,0
133623690,0,7243045,7245165,26.31,200,2,0
133623690,0,7243959,7245165,26.31,500,2,0
133623690,0,7096884,7245165,26.3,100,2,0
133624650,0,7115110,7245454,26.3,500,2,0
133627190,0,7246349,7245284,26.31,1200,1,0
133627190,0,7246349,7245310,26.31,2800,1,0
133627730,0,7246528,7245310,26.31,100,1,0
133628150,0,7246757,7245786,26.31,100,1,0
133629690,0,7247343,7246395,26.31,600,1,0
133631200,0,7119084,7248006,26.3,3800,2,0
133633460,0,7249069,7248637,26.31,100,1,0
133634520,0,7119084,7249511,26.3,400,2,0
133635970,0,7119084,7250048,26.3,800,2,0
133636650,0,7119413,7250310,26.3,300,2,0
133638150,0,7119413,7250859,26.3,300,2,0
133638490,0,7119413,7250989,26.3,1200,2,0
133638490,0,7123219,7250989,26.3,100,2,0
133638490,0,7124896,7250989,26.3,200,2,0
133642730,0,7252598,7249216,26.31,900,1,0
133646570,0,7252598,7254295,26.31,300,2,0
133646570,0,7253404,7254295,26.31,300,2,0
133646630,0,7171964,7254325,26.3,100,2,0
133646630,0,7189955,7254325,26.3,600,2,0
133651040,0,7193181,7256061,26.3,100,2,0
133651040,0,7235683,7256061,26.3,1000,2,0
133651040,0,7245691,7256061,26.3,5000,2,0
133651040,0,7250959,7256061,26.3,100,2,0
133651040,0,7252056,7256061,26.3,2700,2,0
133704150,0,7088043,7261758,26.29,500,2,0
133704450,0,7261929,7256061,26.3,1000,1,0
133708410,0,7263907,7256061,26.3,100,1,0
133708870,0,7094366,7264184,26.29,100,2,0
133708870,0,7095710,7264184,26.29,900,2,0
133708870,0,7097603,7264184,26.29,700,2,0
133708900,0,7097603,7264209,26.29,200,2,0
133708980,0,7264260,7256061,26.3,200,1,0
133710660,0,7106324,7265094,26.29,800,2,0
133713130,0,7201403,7266293,26.29,400,2,0
133713560,0,7212174,7266499,26.29,400,2,0
133713610,0,7212174,7266523,26.29,200,2,0
133713650,0,7244093,7266543,26.29,100,2,0
133713650,0,7248130,7266543,26.29,100,2,0
133717470,0,7260583,7268285,26.29,500,2,0
133720240,0,7264061,7269516,26.29,300,2,0
133720270,0,7264061,7269534,26.29,700,2,0
133720270,0,7266634,7269534,26.29,1000,2,0
133720270,0,7266856,7269534,26.29,500,2,0
133720270,0,7267741,7269534,26.29,100,2,0
133720270,0,7269053,7269534,26.29,3300,2,0
133720270,0,7269211,7269534,26.29,100,2,0
133721980,0,7270202,7269534,26.29,100,1,0
133724140,0,7051621,7271108,26.28,100,2,0
133726910,0,7272437,7269534,26.29,1000,1,0
133729990,0,7273844,7269534,26.29,200,1,0
133735350,0,7090431,7276602,26.28,3300,2,0
133735350,0,7092285,7276602,26.28,600,2,0
133735350,0,7102597,7276602,26.28,200,2,0
133735350,0,7114230,7276602,26.28,200,2,0
133735760,0,7139386,7276778,26.28,800,2,0
133736330,0,7277145,7270914,26.29,200,1,0
133739430,0,7209167,7278875,26.28,500,2,0
133739430,0,7219115,7278875,26.28,3000,2,0
133739430,0,7252134,7278875,26.28,600,2,0
133739430,0,7263848,7278875,26.28,1000,2,0
133739430,0,7264718,7278875,26.28,900,2,0
133739430,0,7267025,7278875,26.28,500,2,0
133739430,0,7268653,7278875,26.28,100,2,0
133739430,0,7277272,7278875,26.28,500,2,0
133742130,0,7280427,7278875,26.28,1600,1,0
133742790,0,7280836,7278875,26.28,400,1,0
133744170,0,7281351,7281810,26.28,100,2,0
133744170,0,69898,7281811,26.27,2400,2,0
133744170,0,6181068,7281811,26.27,100,2,0
133744170,0,6448958,7281811,26.27,100,2,0
133745000,0,7282251,7271127,26.29,800,1,0
133745190,0,7282355,7277369,26.29,900,1,0
133745620,0,7282579,7277369,26.29,200,1,0
133746500,0,7283162,7257998,26.3,300,1,0
133747010,0,7283510,7257998,26.3,100,1,0
133748010,0,7282727,7284073,26.29,1800,2,0
133756810,0,7288371,7287716,26.3,3600,1,0
133758110,0,7288371,7288908,26.3,1400,2,0
133758110,0,7288860,7288908,26.29,400,2,0
133758390,0,7289039,7288908,26.29,500,1,0
133758530,0,7289090,7288908,26.29,100,1,0
133758540,0,7289101,7288908,26.29,100,1,0
133758560,0,7289105,7288908,26.29,200,1,0
133758650,0,7289146,7288908,26.29,200,1,0
133759240,0,7289481,7288908,26.29,1600,1,0
133800340,0,7289999,7259821,26.31,100,1,0
133801160,0,7289536,7290408,26.3,100,2,0
133801240,0,7290443,7290408,26.3,900,1,0
133801240,0,7290443,7259821,26.31,700,1,0
133809500,0,7289883,7294855,26.29,100,2,0
133809500,0,7293126,7294855,26.29,400,2,0
133818530,0,7299011,7298614,26.29,100,1,0
133819390,0,7299011,7299314,26.29,200,2,0
133819390,0,7287263,7299314,26.28,600,2,0
133822340,0,7300617,7292013,26.3,100,1,0
133824230,0,7299641,7301346,26.29,400,2,0
133827560,0,7301357,7302749,26.29,200,2,0
133828340,0,7303020,7292013,26.3,100,1,0
133830920,0,7304040,7292013,26.3,400,1,0
133835220,0,7305855,7292040,26.3,1200,1,0
133838420,0,7305066,7307276,26.29,3200,2,0
133842580,0,7307680,7308865,26.29,500,2,0
133842580,0,7307699,7308865,26.29,100,2,0
133844270,0,7288723,7309450,26.28,400,2,0
133844320,0,7309471,7309352,26.29,500,1,0
133848270,0,7288723,7310909,26.28,800,2,0
133848320,0,7288723,7310925,26.28,200,2,0
133852580,0,7288723,7312379,26.28,300,2,0
133852580,0,7295790,7312379,26.28,100,2,0
133852580,0,7296296,7312379,26.28,600,2,0
133857560,0,7314621,7309352,26.29,100,1,0
133903340,0,7317723,7309352,26.29,100,1,0
133903980,0,7296296,7318192,26.28,400,2,0
133903980,0,7296550,7318192,26.28,500,2,0
133903980,0,7298108,7318192,26.28,100,2,0
133903980,0,7298786,7318192,26.28,200,2,0
133903980,0,7299012,7318192,26.28,400,2,0
133903980,0,7299514,7318192,26.28,300,2,0
133903980,0,7300642,7318192,26.28,500,2,0
133904060,0,7301497,7318221,26.28,900,2,0
133904230,0,7303025,7318355,26.28,500,2,0
133904810,0,7318652,7309352,26.29,200,1,0
133905010,0,7318745,7309363,26.29,2000,1,0
133906340,0,7319511,7309363,26.29,100,1,0
133909310,0,7304036,7320887,26.28,400,2,0
133913780,0,7322857,7309363,26.29,100,1,0
133913800,0,7322868,7311429,26.29,100,1,0
133914240,0,7323079,7311429,26.29,100,1,0
133916780,0,7324147,7311429,26.29,100,1,0
133916780,0,7324147,7311536,26.29,100,1,0
133916780,0,7324147,7312972,26.29,600,1,0
133917300,0,7324355,7312972,26.29,100,1,0
133917550,0,7309336,7324439,26.28,200,2,0
133918330,0,7309424,7324698,26.28,200,2,0
133918330,0,7310450,7324698,26.28,600,2,0
133920140,0,7325460,7312972,26.29,900,1,0
133920140,0,7325460,7316096,26.29,100,1,0
133926100,0,7327855,7325887,26.29,600,1,0
133932580,0,7330613,7325887,26.29,300,1,0
133938460,0,7319424,7333070,26.28,600,2,0
133941990,0,7334514,7330655,26.29,800,1,0
133946420,0,7325100,7336347,26.28,200,2,0
133947350,0,7336720,7336347,26.28,100,1,0
133949990,0,7030142,7337632,26.27,1000,2,0
133949990,0,7253174,7337632,26.27,300,2,0
133949990,0,7282250,7337632,26.27,200,2,0
133949990,0,7285232,7337632,26.27,1000,2,0
133949990,0,7290337,7337632,26.27,300,2,0
133949990,0,7291685,7337632,26.27,1000,2,0
133949990,0,7298456,7337632,26.27,500,2,0
133949990,0,328818,7337632,26.26,200,2,0
133949990,0,5269177,7337632,26.26,300,2,0
133949990,0,7067803,7337632,26.26,300,2,0
133949990,0,7105321,7337632,26.26,500,2,0
133949990,0,7119453,7337632,26.26,900,2,0
133949990,0,7154082,7337632,26.26,700,2,0
133949990,0,7225530,7337632,26.26,300,2,0
133949990,0,7257507,7337632,26.26,300,2,0
133949990,0,7324236,7337632,26.26,1000,2,0
133949990,0,469942,7337632,26.25,100,2,0
133949990,0,6067069,7337632,26.25,500,2,0
133949990,0,7050801,7337632,26.25,600,2,0
133949990,0,7069053,7337632,26.25,1400,2,0
133949990,0,7072404,7337632,26.25,1000,2,0
133949990,0,7089884,7337632,26.25,100,2,0
133949990,0,7207154,7337632,26.25,100,2,0
133949990,0,7274709,7337632,26.25,500,2,0
133950830,0,7337966,7337901,26.27,100,1,0
133951550,0,7338254,7337901,26.27,100,1,0
134005690,0,7344722,7336347,26.28,100,1,0
134005910,0,7340373,7344795,26.27,100,2,0
134005910,0,7340854,7344795,26.27,100,2,0
134005910,0,7344007,7344795,26.27,100,2,0
134014420,0,7348977,7336347,26.28,200,1,0
134018110,0,7350811,7336347,26.28,100,1,0
134018300,0,7346089,7350931,26.27,200,2,0
134018300,0,7348495,7350931,26.27,400,2,0
134018300,0,7350661,7350931,26.27,200,2,0
134018300,0,7337899,7350931,26.26,100,2,0
134021080,0,7352265,7352172,26.27,500,1,0
134022340,0,7352812,7336347,26.28,100,1,0
134025030,0,7353835,7353696,26.27,200,1,0
134025900,0,7338167,7354202,26.26,100,2,0
134026890,0,7354277,7354673,26.27,400,2,0
134032050,0,7339600,7357195,26.26,400,2,0
134035670,0,7358931,7358785,26.27,4700,1,0
134042770,0,7362043,7336347,26.28,900,1,0
134042960,0,7362110,7336347,26.28,1000,1,0
134043460,0,7360133,7362337,26.27,100,2,0
134043460,0,7361044,7362337,26.27,1000,2,0
134043460,0,7339600,7362337,26.26,3100,2,0
134043460,0,7341358,7362337,26.26,200,2,0
134044240,0,7362695,7336347,26.28,100,1,0
134048260,0,7341358,7364758,26.26,400,2,0
134048310,0,7356631,7364788,26.26,100,2,0
134050740,0,7363221,7365806,26.26,200,2,0
134051700,0,7366332,7365648,26.27,100,1,0
134051950,0,7366416,7336347,26.28,700,1,0
134053270,0,7366500,7366945,26.27,500,2,0
134056770,0,7368644,7336347,26.28,600,1,0
134058980,0,7369656,7336347,26.28,100,1,0
134103330,0,7372046,7371847,26.27,700,1,0
134103420,0,7372081,7371847,26.27,2600,1,0
134104340,0,7372505,7336347,26.28,100,1,0
134104970,0,7372921,7336347,26.28,600,1,0
134104990,0,7372929,7336347,26.28,100,1,0
134105000,0,7372936,7336347,26.28,100,1,0
134105000,0,7372937,7336347,26.28,100,1,0
134105000,0,7372938,7336347,26.28,100,1,0
134105000,0,7372939,7336347,26.28,100,1,0
134105420,0,7373123,7336347,26.28,100,1,0
134105820,0,7373330,7337506,26.28,100,1,0
134105890,0,7373359,7347933,26.28,2000,1,0
134106180,0,7373558,7347933,26.28,900,1,0
134106180,0,7373558,7351007,26.28,600,1,0
134106180,0,7373558,7357694,26.28,1500,1,0
134106180,0,7373558,7358463,26.28,500,1,0
134106180,0,7373558,7364033,26.28,500,1,0
134106180,0,7373558,7369475,26.28,200,1,0
134106180,0,7373558,7370996,26.28,800,1,0
134106180,0,7373558,7373177,26.28,100,1,0
134107980,0,7374482,7331320,26.29,2100,1,0
134108050,0,7373815,7374502,26.28,200,2,0
134111130,0,7375915,7292363,26.3,3200,1,0
134112350,0,7374665,7376387,26.28,200,2,0
134113970,0,7377001,7376938,26.29,100,1,0
134118060,0,7374665,7378771,26.28,900,2,0
134118060,0,7374668,7378771,26.28,1400,2,0
134118060,0,7374669,7378771,26.28,900,2,0
134118060,0,7374670,7378771,26.28,1000,2,0
134118060,0,7374678,7378771,26.28,1100,2,0
134118060,0,7374694,7378771,26.28,1100,2,0
134118060,0,7374696,7378771,26.28,1000,2,0
134122360,0,7380069,7380678,26.29,200,2,0
134125960,0,7380069,7382159,26.29,1000,2,0
134127290,0,7382721,7317349,26.3,300,1,0
134127350,0,7380069,7382737,26.29,3500,2,0
134134160,0,7386051,7382737,26.29,500,1,0
134145590,0,7393579,7382737,26.29,1100,1,0
134148240,0,7374697,7395907,26.28,200,2,0
134149760,0,7374697,7397043,26.28,400,2,0
134151230,0,7374697,7397950,26.28,900,2,0
134153850,0,7374719,7399757,26.28,700,2,0
134154340,0,7400109,7382737,26.29,100,1,0
134155910,0,7400960,7382737,26.29,53600,1,0
134156060,0,7374719,7401060,26.28,400,2,0
134156060,0,7379500,7401060,26.28,300,2,0
134156060,0,7379503,7401060,26.28,100,2,0
134156060,0,7381721,7401060,26.28,300,2,0
134156080,0,7401085,7400902,26.29,2000,1,0
134156410,0,7401366,7317349,26.3,200,1,0
134158550,0,7402577,7317349,26.3,500,1,0
134158630,0,7402613,7317349,26.3,900,1,0
134159260,0,7403046,7317349,26.3,500,1,0
134159260,0,7403047,7317349,26.3,3700,1,0
134159260,0,7403048,7317349,26.3,900,1,0
134159260,0,7403049,7317349,26.3,2500,1,0
134159260,0,7403051,7317349,26.3,800,1,0
134159610,0,7403244,7317349,26.3,39600,1,0
134201120,0,7403832,7404064,26.31,1000,2,0
134201560,0,7404259,7228256,26.32,100,1,0
134201560,0,7404260,7228256,26.32,100,1,0
134201620,0,7404288,7236866,26.32,100,1,0
134201680,0,7404326,7299975,26.32,200,1,0
134204560,0,7406108,7199511,26.34,100,1,0
134204630,0,7403832,7406139,26.31,300,2,0
134215710,0,7406591,7411809,26.32,300,2,0
134221330,0,7406591,7414471,26.32,500,2,0
134223070,0,7403832,7415331,26.31,500,2,0
134231590,0,7419686,7419906,26.33,100,2,0
134236300,0,7422073,7419906,26.33,100,1,0
134241780,0,7416805,7424615,26.32,100,2,0
134242160,0,7424793,7420850,26.33,200,1,0
134242160,0,7424793,7421719,26.33,1800,1,0
134250920,0,7428535,7421719,26.33,2000,1,0
134251070,0,7419385,7428588,26.32,100,2,0
134258140,0,7408745,7432043,26.31,500,2,0
134303020,0,7435527,7429902,26.32,800,1,0
134305130,0,7437274,7430935,26.32,900,1,0
134305130,0,7437274,7433828,26.32,900,1,0
134305130,0,7437274,7435933,26.32,200,1,0
134305130,0,7437274,7436466,26.32,900,1,0
134306200,0,7408745,7438178,26.31,600,2,0
134306200,0,7413876,7438178,26.31,800,2,0
134306200,0,7419425,7438178,26.31,100,2,0
134306200,0,7421012,7438178,26.31,500,2,0
134307420,0,7439174,7436466,26.32,100,1,0
134308370,0,7440009,7421719,26.33,800,1,0
134315850,0,7446220,7421719,26.33,200,1,0
134316710,0,7446655,7421719,26.33,2100,1,0
134316710,0,7446655,7421794,26.33,100,1,0
134316710,0,7446655,7424535,26.33,200,1,0
134322920,0,7450257,7424535,26.33,300,1,0
134323940,0,7450856,7424535,26.33,500,1,0
134330620,0,7454203,7199511,26.34,500,1,0
134333040,0,7451328,7455401,26.33,500,2,0
134333070,0,7451810,7455420,26.33,200,2,0
134333070,0,7453787,7455420,26.33,300,2,0
134333070,0,7455377,7455420,26.33,500,2,0
134334270,0,7441832,7456078,26.32,300,2,0
134334270,0,7443434,7456078,26.32,100,2,0
134334270,0,7446725,7456078,26.32,100,2,0
134337620,0,7457794,7455420,26.33,100,1,0
134348280,0,7451097,7463084,26.32,200,2,0
134348280,0,7455980,7463084,26.32,600,2,0
134348310,0,7455980,7463104,26.32,200,2,0
134351160,0,7455980,7464344,26.32,500,2,0
134354190,0,7455980,7465814,26.32,800,2,0
134354190,0,7461408,7465814,26.32,600,2,0
134354520,0,7464843,7465975,26.32,400,2,0
134354820,0,7466062,7465975,26.32,100,1,0
134405790,0,7471106,7455420,26.33,700,1,0
134408250,0,7469525,7472133,26.32,300,2,0
134408780,0,7469525,7472424,26.32,200,2,0
134411910,0,7473794,7455420,26.33,2400,1,0
134418310,0,7471905,7476311,26.32,200,2,0
134418310,0,7472867,7476311,26.32,400,2,0
134418310,0,7472895,7476311,26.32,100,2,0
134418310,0,7473329,7476311,26.32,100,2,0
134421710,0,7474809,7477616,26.32,500,2,0
134431890,0,7477756,7481542,26.32,200,2,0
134431890,0,7479097,7481542,26.32,200,2,0
134431890,0,7479447,7481542,26.32,200,2,0
134431890,0,7421012,7481542,26.31,100,2,0
134445860,0,7486972,7483818,26.32,1400,1,0
134445860,0,7486972,7484095,26.32,100,1,0
134445860,0,7486972,7484351,26.32,800,1,0
134445860,0,7486972,7484366,26.32,200,1,0
134445860,0,7486972,7484776,26.32,100,1,0
134445860,0,7486972,7455420,26.33,400,1,0
134453420,0,7487795,7489895,26.32,300,2,0
134454290,0,7490177,7455420,26.33,300,1,0
134456160,0,7490777,7455420,26.33,500,1,0
134501700,0,7488734,7493117,26.32,200,2,0
134518210,0,7489259,7500951,26.32,400,2,0
134518960,0,7501284,7455420,26.33,1000,1,0
134521260,0,7489259,7502479,26.32,200,2,0
134521260,0,7489839,7502480,26.32,100,2,0
134521260,0,7489917,7502480,26.32,200,2,0
134521260,0,7490256,7502480,26.32,200,2,0
134521260,0,7491289,7502480,26.32,200,2,0
134521260,0,7495572,7502480,26.32,200,2,0
134523750,0,7495572,7503453,26.32,800,2,0
134523750,0,7497207,7503453,26.32,800,2,0
134523750,0,7498273,7503453,26.32,100,2,0
134524540,0,7503743,7503453,26.32,200,1,0
134524630,0,7503769,7503453,26.32,1000,1,0
134528760,0,7505577,7503453,26.32,700,1,0
134536980,0,7509259,7503453,26.32,1000,1,0
134538560,0,7426337,7509847,26.31,100,2,0
134543960,0,7512290,7503453,26.32,500,1,0
134544330,0,7427138,7512449,26.31,1300,2,0
134546460,0,7457455,7513401,26.31,300,2,0
134546460,0,7475687,7513401,26.31,500,2,0
134546460,0,7497095,7513401,26.31,100,2,0
134553620,0,7516112,7516919,26.31,100,2,0
134554530,0,7516112,7517306,26.31,100,2,0
134554530,0,7516622,7517306,26.31,100,2,0
134554530,0,7517120,7517306,26.31,100,2,0
134554530,0,7517160,7517306,26.31,100,2,0
134554530,0,7517243,7517306,26.31,100,2,0
134556500,0,7403370,7518099,26.3,100,2,0
134558820,0,7403370,7518977,26.3,900,2,0
134558820,0,7403375,7518977,26.3,600,2,0
134600070,0,7519500,7503453,26.32,100,1,0
134605360,0,7522576,7519613,26.31,200,1,0
134607370,0,7403375,7523519,26.3,500,2,0
134611290,0,7410958,7525287,26.3,400,2,0
134615270,0,7410958,7526876,26.3,200,2,0
134623970,0,7418659,7530772,26.3,500,2,0
134629500,0,7418659,7533129,26.3,1500,2,0
134629500,0,7421862,7533129,26.3,200,2,0
134629500,0,7428318,7533129,26.3,200,2,0
134629500,0,7432133,7533129,26.3,100,2,0
134632900,0,7432133,7534551,26.3,400,2,0
134632900,0,7467523,7534551,26.3,1000,2,0
134635150,0,7473121,7535607,26.3,500,2,0
134635310,0,7486607,7535715,26.3,200,2,0
134635310,0,7486607,7535717,26.3,300,2,0
134635340,0,7494050,7535737,26.3,400,2,0
134635340,0,7494050,7535745,26.3,400,2,0
134635380,0,7494050,7535764,26.3,400,2,0
134635420,0,7494050,7535783,26.3,300,2,0
134638400,0,7494050,7537058,26.3,400,2,0
134638400,0,7497853,7537058,26.3,100,2,0
134638400,0,7497853,7537061,26.3,100,2,0
134638400,0,7505702,7537061,26.3,200,2,0
134638400,0,7506240,7537061,26.3,100,2,0
134638420,0,7506468,7537064,26.3,200,2,0
134639620,0,7521485,7537504,26.3,300,2,0
134639620,0,7524891,7537504,26.3,300,2,0
134639620,0,7526170,7537504,26.3,500,2,0
134639620,0,7526284,7537504,26.3,900,2,0
134642930,0,7527641,7538801,26.3,100,2,0
134642930,0,7529127,7538801,26.3,100,2,0
134643960,0,7529127,7539299,26.3,200,2,0
134643960,0,7532839,7539299,26.3,300,2,0
134644350,0,7532839,7539486,26.3,100,2,0
134648220,0,7532839,7540994,26.3,400,2,0
134648220,0,7537914,7540994,26.3,300,2,0
134650000,0,7537914,7541539,26.3,1500,2,0
134650900,0,7537914,7541880,26.3,100,2,0
134656110,0,7538122,7543966,26.3,100,2,0
134658910,0,7538853,7545098,26.3,100,2,0
134700200,0,7401104,7546006,26.29,500,2,0
134700420,0,7546149,7545171,26.3,100,1,0
134700460,0,7546172,7524073,26.31,100,1,0
134700650,0,7546285,7524073,26.31,100,1,0
134700950,0,7546434,7525394,26.31,100,1,0
134703360,0,7401104,7548040,26.29,500,2,0
134703360,0,7401122,7548040,26.29,500,2,0
134707490,0,7550813,7549557,26.3,300,1,0
134715200,0,7550813,7554347,26.3,300,2,0
134715200,0,7552379,7554347,26.3,100,2,0
134715200,0,7552775,7554347,26.3,300,2,0
134717630,0,7554405,7555354,26.3,200,2,0
134718240,0,7401122,7555637,26.29,200,2,0
134725490,0,7401122,7558968,26.29,1000,2,0
134727160,0,7559668,7555354,26.3,2000,1,0
134727740,0,7559894,7558740,26.3,300,1,0
134728180,0,7560095,7529605,26.31,100,1,0
134728550,0,7559894,7560243,26.3,300,2,0
134734720,0,7563426,7561199,26.3,100,1,0
134739980,0,7411258,7565876,26.29,500,2,0
134740770,0,7424993,7566410,26.29,200,2,0
134741450,0,7424993,7566876,26.29,300,2,0
134741460,0,7424993,7566885,26.29,200,2,0
134741460,0,7430768,7566885,26.29,500,2,0
134741460,0,7453667,7566885,26.29,1000,2,0
134741460,0,7484715,7566885,26.29,2100,2,0
134744010,0,7568629,7561199,26.3,100,1,0
134744010,0,7568629,7561407,26.3,100,1,0
134744010,0,7568629,7563237,26.3,200,1,0
134747650,0,7484715,7571158,26.29,300,2,0
134747650,0,7484715,7571160,26.29,300,2,0
134751840,0,7532418,7573251,26.29,400,2,0
134752770,0,7573756,7569470,26.3,200,1,0
134753240,0,7537181,7574023,26.29,1000,2,0
134753240,0,7545748,7574023,26.29,6700,2,0
134754180,0,7574552,7569651,26.3,100,1,0
134754650,0,7545748,7574758,26.29,400,2,0
134755260,0,7575071,7529605,26.31,500,1,0
134755310,0,7546830,7575090,26.29,1500,2,0
134755780,0,7575027,7575384,26.29,200,2,0
134757400,0,7576186,7576822,26.29,100,2,0
134758940,0,7383551,7577686,26.28,600,2,0
134759000,0,7577718,7576822,26.29,200,1,0
134759010,0,7577730,7576822,26.29,100,1,0
134801560,0,7383551,7579710,26.28,2400,2,0
134801560,0,7385554,7579710,26.28,500,2,0
134801560,0,7389441,7579710,26.28,300,2,0
134801560,0,7396410,7579710,26.28,1000,2,0
134801560,0,7401860,7579710,26.28,6800,2,0
134801870,0,7579921,7576822,26.29,1000,1,0
134802550,0,7401860,7580496,26.28,500,2,0
134802580,0,7401860,7580542,26.28,500,2,0
134802700,0,7401860,7580595,26.28,500,2,0
134803640,0,7401860,7581329,26.28,500,2,0
134803830,0,7401860,7581495,26.28,500,2,0
134804190,0,7401860,7581760,26.28,500,2,0
134804190,0,7401860,7581764,26.28,500,2,0
134806790,0,7401860,7583992,26.28,300,2,0
134807260,0,7401860,7584284,26.28,200,2,0
134808510,0,7401860,7585297,26.28,200,2,0
134808680,0,7401860,7585442,26.28,500,2,0
134808900,0,7401860,7585628,26.28,300,2,0
134810710,0,7587196,7576822,26.29,100,1,0
134812420,0,7401860,7588621,26.28,2800,2,0
134815650,0,7590702,7576822,26.29,2000,1,0
134819190,0,7401860,7592952,26.28,7500,2,0
134819380,0,7401860,7593039,26.28,100,2,0
134821200,0,7401860,7594091,26.28,800,2,0
134821570,0,7594289,7576822,26.29,500,1,0
134832120,0,7601689,7576822,26.29,200,1,0
134836180,0,7401860,7604243,26.28,200,2,0
134836690,0,7401860,7604551,26.28,1200,2,0
134837420,0,7401860,7604997,26.28,500,2,0
134839860,0,7401860,7606361,26.28,1100,2,0
134840250,0,7606593,7576822,26.29,600,1,0
134843390,0,7608478,7576822,26.29,500,1,0
134844740,0,7609288,7576822,26.29,2000,1,0
134847890,0,7610984,7576822,26.29,7600,1,0
134847890,0,7610984,7577143,26.29,300,1,0
134847890,0,7610984,7577645,26.29,1000,1,0
134847890,0,7610984,7579674,26.29,300,1,0
134847890,0,7610984,7585318,26.29,200,1,0
134847890,0,7610984,7586252,26.29,200,1,0
134847890,0,7610984,7589903,26.29,1000,1,0
134847890,0,7610984,7590022,26.29,100,1,0
134847890,0,7610984,7592142,26.29,500,1,0
134847890,0,7610984,7595108,26.29,1000,1,0
134847890,0,7610984,7603638,26.29,900,1,0
134847890,0,7610984,7607832,26.29,200,1,0
134847890,0,7610984,7607846,26.29,200,1,0
134847890,0,7610984,7608367,26.29,500,1,0
134847890,0,7610984,7609093,26.29,1400,1,0
134847890,0,7610984,7609767,26.29,100,1,0
134855920,0,7610984,7615122,26.29,500,2,0
134900370,0,7610984,7617708,26.29,900,2,0
134900740,0,7610984,7617948,26.29,16500,2,0
134901560,0,7618175,7618355,26.29,300,2,0
134911740,0,7624587,7619677,26.29,400,1,0
134912830,0,7401860,7625269,26.28,100,2,0
134918820,0,7628268,7619677,26.29,800,1,0
134920060,0,7628801,7619677,26.29,200,1,0
134928180,0,7632661,7619677,26.29,100,1,0
134932100,0,7401860,7634499,26.28,8000,2,0
134935090,0,7434427,7636017,26.28,1000,2,0
134935090,0,7476668,7636017,26.28,200,2,0
134935090,0,7539452,7636017,26.28,600,2,0
134935090,0,7577342,7636017,26.28,1100,2,0
134935090,0,7623349,7636017,26.28,200,2,0
134940020,0,7601814,7638390,26.27,100,2,0
134940160,0,7628151,7638442,26.27,1000,2,0
134940300,0,7366109,7638515,26.26,100,2,0
134940630,0,7638701,7638442,26.27,200,1,0
134945080,0,7367194,7640751,26.26,100,2,0
134946440,0,7429148,7641378,26.26,500,2,0
134946440,0,7488679,7641378,26.26,1000,2,0
134946830,0,7610456,7641578,26.26,800,2,0
134946930,0,7641637,7638442,26.27,2000,1,0
134948800,0,7642504,7638442,26.27,100,1,0
134951480,0,7643807,7643722,26.26,200,1,0
134956120,0,7290225,7646157,26.25,1000,2,0
134956120,0,7338112,7646157,26.25,200,2,0
134956120,0,7354953,7646157,26.25,500,2,0
134958900,0,7355965,7647438,26.25,300,2,0
134958900,0,7357871,7647438,26.25,100,2,0
134958900,0,7357871,7647439,26.25,300,2,0
134959950,0,7359691,7647944,26.25,400,2,0
135001560,0,7648889,7644952,26.26,100,1,0
135001670,0,7363180,7649015,26.25,300,2,0
135001670,0,7363180,7649019,26.25,400,2,0
135003570,0,7363180,7650229,26.25,300,2,0
135003810,0,7650476,7644959,26.26,1500,1,0
135004430,0,7650984,7644959,26.26,800,1,0
135005120,0,7363180,7651569,26.25,500,2,0
135005680,0,7651949,7644959,26.26,800,1,0
135005860,0,7363180,7652105,26.25,800,2,0
135006040,0,7382719,7652229,26.25,100,2,0
135006040,0,7384703,7652229,26.25,900,2,0
135006320,0,7384703,7652490,26.25,100,2,0
135006580,0,7652819,7644959,26.26,800,1,0
135011200,0,7384703,7657224,26.25,200,2,0
135012960,0,7384703,7658519,26.25,300,2,0
135016070,0,7391817,7661043,26.25,400,2,0
135017040,0,7399692,7661758,26.25,100,2,0
135017040,0,7407607,7661758,26.25,100,2,0
135017040,0,7486595,7661758,26.25,500,2,0
135017040,0,7572577,7661758,26.25,500,2,0
135017040,0,7591685,7661758,26.25,100,2,0
135017180,0,7628888,7661845,26.25,600,2,0
135017180,0,7657385,7661845,26.25,400,2,0
135017180,0,7658036,7661845,26.25,100,2,0
135017180,0,7658038,7661845,26.25,100,2,0
135017180,0,7659088,7661845,26.25,200,2,0
135017180,0,7660554,7661845,26.25,500,2,0
135017180,0,7660717,7661845,26.25,300,2,0
135017870,0,7662283,7661845,26.25,200,1,0
135018280,0,338243,7662539,26.24,100,2,0
135018280,0,7291724,7662539,26.24,200,2,0
135019080,0,7662991,7661845,26.25,300,1,0
135019640,0,7600146,7663280,26.24,600,2,0
135022420,0,7600146,7664816,26.24,200,2,0
135022420,0,7630031,7664816,26.24,700,2,0
135022420,0,7648749,7664816,26.24,600,2,0
135022420,0,7654398,7664816,26.24,2600,2,0
135023000,0,7654398,7665125,26.24,1100,2,0
135024450,0,7665928,7665486,26.24,100,1,0
135029430,0,7668810,7661845,26.25,800,1,0
135029660,0,7668919,7661845,26.25,100,1,0
135030640,0,7669438,7662083,26.25,100,1,0
135030640,0,7669438,7662731,26.25,200,1,0
135032240,0,7668982,7670337,26.24,500,2,0
135032240,0,7669510,7670337,26.24,900,2,0
135032240,0,82467,7670337,26.23,200,2,0
135032240,0,808020,7670337,26.23,200,2,0
135032550,0,7670509,7670525,26.24,100,2,0
135032550,0,6156297,7670525,26.23,400,2,0
135032550,0,6513214,7670525,26.23,500,2,0
135037040,0,7671175,7672919,26.24,300,2,0
135037040,0,7672625,7672919,26.24,500,2,0
135037970,0,7134943,7673386,26.23,1300,2,0
135038130,0,7673446,7672919,26.24,100,1,0
135038740,0,7134943,7673720,26.23,100,2,0
135041020,0,7134943,7674869,26.23,100,2,0
135041020,0,7167752,7674869,26.23,300,2,0
135041020,0,7257647,7674869,26.23,100,2,0
135041020,0,7293116,7674869,26.23,100,2,0
135041700,0,7293116,7675179,26.23,200,2,0
135042110,0,7675366,7672919,26.24,200,1,0
135042950,0,7293116,7675734,26.23,200,2,0
135042950,0,7308415,7675734,26.23,1300,2,0
135047100,0,7372151,7677674,26.23,100,2,0
135047100,0,7448951,7677674,26.23,300,2,0
135047100,0,7468741,7677674,26.23,100,2,0
135048300,0,7645391,7678204,26.23,400,2,0
135048600,0,7678311,7672919,26.24,100,1,0
135048840,0,7678400,7672919,26.24,100,1,0
135049260,0,7645391,7678599,26.23,100,2,0
135050510,0,7668913,7679223,26.23,100,2,0
135050510,0,7677359,7679223,26.23,1300,2,0
135050510,0,7677964,7679223,26.23,300,2,0
135050510,0,7678936,7679223,26.23,1000,2,0
135050510,0,5544744,7679223,26.22,100,2,0
135050510,0,6154401,7679223,26.22,200,2,0
135050510,0,7144454,7679223,26.22,200,2,0
135050510,0,7360146,7679223,26.22,1000,2,0
135050510,0,7368677,7679223,26.22,500,2,0
135050510,0,7638880,7679223,26.22,200,2,0
135050510,0,848046,7679223,26.21,500,2,0
135050510,0,7244717,7679223,26.21,200,2,0
135050510,0,7340589,7679223,26.21,5500,2,0
135050510,0,7588699,7679223,26.21,2300,2,0
135050510,0,7613709,7679223,26.21,600,2,0
135050510,0,7618779,7679223,26.21,200,2,0
135050510,0,7673069,7679223,26.21,300,2,0
135050510,0,568452,7679223,26.2,400,2,0
135050510,0,1017341,7679223,26.2,400,2,0
135050510,0,4881930,7679223,26.2,500,2,0
135050510,0,5791176,7679223,26.2,100,2,0
135050510,0,6276144,7679223,26.2,100,2,0
135050510,0,6888541,7679223,26.2,100,2,0
135050510,0,7123333,7679223,26.2,2000,2,0
135050510,0,7232623,7679223,26.2,100,2,0
135050510,0,7356741,7679223,26.2,200,2,0
135050510,0,7402293,7679223,26.2,400,2,0
135050510,0,7457881,7679223,26.2,1000,2,0
135050510,0,7509697,7679223,26.2,300,2,0
135050510,0,7610483,7679223,26.2,3200,2,0
135050510,0,7619448,7679223,26.2,500,2,0
135050510,0,7632704,7679223,26.2,200,2,0
135050610,0,7679258,7679223,26.2,1900,1,0
135050820,0,7679385,7679223,26.2,2700,1,0
135051150,0,7679618,7679223,26.2,400,1,0
135051170,0,7679637,7679223,26.2,500,1,0
135051390,0,7679758,7679223,26.2,300,1,0
135051460,0,7679799,7679223,26.2,100,1,0
135051650,0,7679877,7679223,26.2,100,1,0
135052150,0,7680115,7679223,26.2,4700,1,0
135052150,0,7680117,7679223,26.2,6100,1,0
135052320,0,7680215,7679223,26.2,100,1,0
135052400,0,7680241,7679223,26.2,100,1,0
135052400,0,7680243,7679223,26.2,100,1,0
135052400,0,7680244,7679223,26.2,100,1,0
135052400,0,7680245,7679223,26.2,100,1,0
135052400,0,7680249,7679223,26.2,100,1,0
135052940,0,7680536,7679223,26.2,800,1,0
135052940,0,7680540,7679223,26.2,100,1,0
135052940,0,7680544,7679223,26.2,800,1,0
135052940,0,7680548,7679223,26.2,900,1,0
135052940,0,7680549,7679223,26.2,1600,1,0
135052940,0,7680550,7679223,26.2,300,1,0
135052940,0,7680553,7679223,26.2,300,1,0
135052940,0,7680556,7679223,26.2,300,1,0
135052940,0,7680559,7679223,26.2,500,1,0
135052950,0,7680562,7679223,26.2,400,1,0
135052950,0,7680564,7679223,26.2,1000,1,0
135052960,0,7680577,7679223,26.2,200,1,0
135052960,0,7680584,7679223,26.2,200,1,0
135052960,0,7680585,7679223,26.2,400,1,0
135052980,0,7680586,7679223,26.2,600,1,0
135053100,0,7680671,7679223,26.2,6600,1,0
135053100,0,7680674,7679223,26.2,600,1,0
135053150,0,7680703,7679223,26.2,400,1,0
135053410,0,7680847,7679223,26.2,100,1,0
135053410,0,7680848,7679223,26.2,200,1,0
135053650,0,7680965,7679223,26.2,100,1,0
135054380,0,7681314,7679223,26.2,4600,1,0
135054580,0,7681389,7679223,26.2,6700,1,0
135055080,0,7681654,7679223,26.2,2400,1,0
135055400,0,7681871,7679223,26.2,300,1,0
135055400,0,7681879,7679223,26.2,200,1,0
135055430,0,7681904,7679223,26.2,214600,1,0
135055580,0,7681964,7679223,26.2,7700,1,0
135055580,0,7681970,7679223,26.2,500,1,0
135055610,0,7681982,7679223,26.2,9200,1,0
135056300,0,7682363,7672919,26.24,200,1,0
135056800,0,7682169,7682593,26.23,100,2,0
135056800,0,7682170,7682593,26.23,100,2,0
135056800,0,7682171,7682593,26.23,100,2,0
135056800,0,7682172,7682593,26.23,100,2,0
135056800,0,7682173,7682593,26.23,100,2,0
135056800,0,7682180,7682593,26.23,100,2,0
135056800,0,7682186,7682593,26.23,100,2,0
135057120,0,7682326,7682752,26.23,100,2,0
135100690,0,7682373,7684556,26.23,100,2,0
135101640,0,7685066,7684556,26.23,100,1,0
135101730,0,7685113,7684556,26.23,200,1,0
135104640,0,7686864,7684556,26.23,100,1,0
135104640,0,7686864,7685359,26.23,1000,1,0
135106860,0,7687022,7688154,26.23,100,2,0
135106860,0,7687028,7688154,26.23,100,2,0
135107630,0,7688610,7688154,26.23,1800,1,0
135107710,0,7688671,7673803,26.24,200,1,0
135109370,0,7689639,7689050,26.23,200,1,0
135110640,0,7690178,7689050,26.23,3100,1,0
135113980,0,7690915,7692086,26.22,300,2,0
135114600,0,7682266,7692416,26.21,800,2,0
135115140,0,7692502,7692692,26.23,100,2,0
135116400,0,7693411,7692692,26.23,200,1,0
135120900,0,7694082,7696122,26.22,2000,2,0
135122710,0,7694095,7696970,26.22,600,2,0
135125500,0,7697111,7698344,26.23,100,2,0
135125500,0,7697272,7698344,26.23,200,2,0
135125850,0,7698535,7690228,26.24,300,1,0
135127940,0,7699496,7690228,26.24,300,1,0
135132140,0,7701496,7700548,26.23,1000,1,0
135134010,0,7694095,7702664,26.22,200,2,0
135134010,0,7694207,7702664,26.22,400,2,0
135139300,0,7694207,7705128,26.22,100,2,0
135139300,0,7695256,7705128,26.22,300,2,0
135144990,0,7697379,7708115,26.22,300,2,0
135144990,0,7698866,7708115,26.22,200,2,0
135145480,0,7700262,7708376,26.22,200,2,0
135145690,0,7701974,7708467,26.22,100,2,0
135145690,0,7705419,7708467,26.22,200,2,0
135146370,0,7707126,7708939,26.22,100,2,0
135146370,0,7707766,7708939,26.22,500,2,0
135151210,0,7711625,7708939,26.22,1900,1,0
135151250,0,7682266,7711643,26.21,300,2,0
135151250,0,7683325,7711643,26.21,600,2,0
135153480,0,7712758,7708939,26.22,200,1,0
135153720,0,7691161,7712888,26.21,900,2,0
135154270,0,7691161,7713145,26.21,200,2,0
135156500,0,7691161,7714385,26.21,200,2,0
135158240,0,7691161,7715470,26.21,1600,2,0
135200050,0,7695214,7716738,26.21,500,2,0
135200360,0,7695214,7717012,26.21,100,2,0
135200500,0,7695214,7717108,26.21,400,2,0
135200500,0,7696024,7717108,26.21,1000,2,0
135200500,0,7697244,7717108,26.21,100,2,0
135200690,0,7697255,7717233,26.21,200,2,0
135204600,0,7697479,7720003,26.21,800,2,0
135205480,0,7697869,7720655,26.21,400,2,0
135207900,0,7700407,7722174,26.21,300,2,0
135207900,0,7700559,7722174,26.21,700,2,0
135208540,0,7707319,7722620,26.21,800,2,0
135211940,0,7710459,7724416,26.21,200,2,0
135211940,0,7713341,7724416,26.21,3000,2,0
135211940,0,7715130,7724416,26.21,10000,2,0
135211940,0,7718744,7724416,26.21,300,2,0
135211940,0,7719831,7724416,26.21,300,2,0
135211940,0,7723569,7724416,26.21,1000,2,0
135212220,0,7724555,7708939,26.22,500,1,0
135214900,0,7724621,7725880,26.21,100,2,0
135215290,0,7724621,7726083,26.21,100,2,0
135220780,0,7727394,7728822,26.21,400,2,0
135224940,0,7729204,7731086,26.21,200,2,0
135225820,0,7682077,7731592,26.2,300,2,0
135226760,0,7732283,7731822,26.21,300,1,0
135228930,0,7733790,7731822,26.21,100,1,0
135229680,0,7734268,7731822,26.21,200,1,0
135230100,0,7734653,7708939,26.22,800,1,0
135233990,0,7737032,7737724,26.21,500,2,0
135234150,0,7737841,7708939,26.22,8900,1,0
135237450,0,7739581,7738821,26.21,2500,1,0
135237730,0,7739775,7738821,26.21,100,1,0
135239800,0,7740890,7738821,26.21,300,1,0
135242650,0,7742021,7742453,26.21,3000,2,0
135244040,0,7743181,7713120,26.22,100,1,0
135246060,0,7743106,7744376,26.21,800,2,0
135256150,0,7743125,7749405,26.21,100,2,0
135256480,0,7743125,7749624,26.21,2000,2,0
135303740,0,7745180,7753415,26.21,600,2,0
135308680,0,7745392,7756742,26.21,100,2,0
135308680,0,7747869,7756742,26.21,500,2,0
135308680,0,7750848,7756742,26.21,500,2,0
135311700,0,7758374,7715308,26.22,200,1,0
135311700,0,7758374,7716439,26.22,100,1,0
135312520,0,7751175,7758821,26.21,600,2,0
135312520,0,7753999,7758821,26.21,1000,2,0
135318270,0,7756087,7762070,26.21,500,2,0
135318270,0,7756659,7762070,26.21,100,2,0
135318270,0,7757041,7762070,26.21,200,2,0
135319130,0,7757041,7762538,26.21,200,2,0
135319440,0,7757041,7762701,26.21,800,2,0
135321100,0,7758186,7763533,26.21,900,2,0
135321310,0,7763608,7718383,26.22,500,1,0
135323220,0,7764508,7722970,26.22,500,1,0
135323220,0,7764508,7723813,26.22,500,1,0
135326840,0,7766271,7765667,26.21,1000,1,0
135330040,0,7767790,7765667,26.21,500,1,0
135330980,0,7768233,7765667,26.21,100,1,0
135335920,0,7685008,7770532,26.2,100,2,0
135336510,0,7685008,7770846,26.2,1300,2,0
135342810,0,7685008,7773877,26.2,100,2,0
135342810,0,7686530,7773877,26.2,1000,2,0
135342810,0,7687828,7773877,26.2,200,2,0
135345100,0,7775002,7765667,26.21,300,1,0
135345980,0,7688089,7775371,26.2,600,2,0
135345980,0,7689220,7775371,26.2,500,2,0
135345980,0,7691854,7775371,26.2,2000,2,0
135345980,0,7700392,7775371,26.2,200,2,0
135345980,0,7713630,7775371,26.2,2000,2,0
135345980,0,7727057,7775371,26.2,1000,2,0
135345980,0,7736405,7775371,26.2,200,2,0
135345980,0,7738526,7775371,26.2,200,2,0
135345980,0,7738601,7775371,26.2,100,2,0
135345980,0,7741484,7775371,26.2,200,2,0
135345980,0,7742090,7775371,26.2,200,2,0
135345980,0,7744696,7775371,26.2,800,2,0
135345980,0,7746274,7775371,26.2,300,2,0
135345980,0,7746876,7775371,26.2,500,2,0
135345980,0,7746975,7775371,26.2,200,2,0
135345980,0,7747957,7775371,26.2,2000,2,0
135345980,0,7749679,7775371,26.2,900,2,0
135345980,0,7750217,7775371,26.2,100,2,0
135345980,0,7750800,7775371,26.2,1000,2,0
135345980,0,7753145,7775371,26.2,500,2,0
135345980,0,7756662,7775371,26.2,100,2,0
135345980,0,7758087,7775371,26.2,200,2,0
135345980,0,7760013,7775371,26.2,200,2,0
135345980,0,7761601,7775371,26.2,100,2,0
135345980,0,7763427,7775371,26.2,400,2,0
135345980,0,7764426,7775371,26.2,1000,2,0
135345980,0,7765731,7775371,26.2,900,2,0
135345980,0,7766631,7775371,26.2,500,2,0
135345980,0,7767191,7775371,26.2,300,2,0
135345980,0,7769043,7775371,26.2,500,2,0
135345980,0,7770873,7775371,26.2,500,2,0
135345980,0,7773586,7775371,26.2,100,2,0
135346270,0,7775512,7775371,26.2,300,1,0
135347750,0,7776123,7775371,26.2,300,1,0
135353830,0,7299780,7779202,26.19,100,2,0
135353830,0,7626268,7779202,26.19,400,2,0
135355320,0,7779941,7775371,26.2,200,1,0
135358410,0,7681601,7781513,26.19,100,2,0
135358410,0,7681609,7781513,26.19,500,2,0
135358830,0,7681609,7781688,26.19,2500,2,0
135358830,0,7686692,7781688,26.19,700,2,0
135358830,0,7764075,7781688,26.19,2000,2,0
135358830,0,7770797,7781688,26.19,600,2,0
135358830,0,7777268,7781688,26.19,4600,2,0
135359120,0,7781810,7775371,26.2,10800,1,0
135403170,0,167992,7784338,26.18,1700,2,0
135406590,0,1945088,7786730,26.18,1500,2,0
135406750,0,1945088,7786810,26.18,3500,2,0
135406750,0,5728464,7786810,26.18,1000,2,0
135406750,0,6192387,7786810,26.18,100,2,0
135406750,0,6305056,7786810,26.18,500,2,0
135406750,0,6618990,7786810,26.18,500,2,0
135406750,0,6837794,7786810,26.18,100,2,0
135406750,0,6867473,7786810,26.18,1000,2,0
135406750,0,6892815,7786810,26.18,1200,2,0
135407660,0,6892815,7787262,26.18,600,2,0
135407760,0,7083542,7787313,26.18,100,2,0
135409030,0,7788018,7787041,26.19,100,1,0
135410160,0,7325654,7788612,26.18,600,2,0
135415220,0,7677217,7791407,26.18,100,2,0
135416050,0,7693378,7791912,26.18,700,2,0
135416050,0,7699468,7791912,26.18,100,2,0
135416050,0,7705694,7791912,26.18,700,2,0
135417750,0,7792903,7788167,26.19,100,1,0
135419380,0,7750822,7793675,26.18,100,2,0
135419380,0,7779123,7793675,26.18,100,2,0
135419380,0,7782555,7793675,26.18,500,2,0
135419380,0,7782972,7793675,26.18,4600,2,0
135419380,0,7783545,7793675,26.18,300,2,0
135419380,0,7790799,7793675,26.18,1000,2,0
135419380,0,7792163,7793675,26.18,200,2,0
135419380,0,7793627,7793675,26.18,100,2,0
135419730,0,7793855,7793675,26.18,500,1,0
135424630,0,6175927,7796261,26.17,100,2,0
135425610,0,7796762,7793675,26.18,5000,1,0
135426150,0,6369069,7797053,26.17,1000,2,0
135426150,0,7757269,7797053,26.17,1000,2,0
135426150,0,7794062,7797053,26.17,200,2,0
135428330,0,7798216,7797190,26.17,800,1,0
135428330,0,7798216,7797291,26.17,600,1,0
135428740,0,7798465,7797291,26.17,200,1,0
135431640,0,7799939,7797291,26.17,100,1,0
135431740,0,7799989,7799354,26.17,1300,1,0
135432630,0,5299989,7800485,26.16,300,2,0
135433750,0,7800990,7800564,26.17,5000,1,0
135435620,0,7801623,7802151,26.17,600,2,0
135437120,0,6177976,7802907,26.16,400,2,0
135437590,0,7721199,7803102,26.16,300,2,0
135437720,0,7803172,7802248,26.17,100,1,0
135437740,0,7803177,7802248,26.17,100,1,0
135438210,0,7803177,7803453,26.17,100,2,0
135440570,0,7721199,7804660,26.16,500,2,0
135440740,0,7804761,7803743,26.17,100,1,0
135440740,0,7804761,7803813,26.17,700,1,0
135440740,0,7804761,7803854,26.17,500,1,0
135440740,0,7804761,7803866,26.17,800,1,0
135440740,0,7804761,7803893,26.17,300,1,0
135441720,0,7805291,7804916,26.17,500,1,0
135443970,0,7738450,7806481,26.16,200,2,0
135444220,0,7806650,7805535,26.17,600,1,0
135444220,0,7806650,7806199,26.17,400,1,0
135444240,0,7738450,7806674,26.16,200,2,0
135444510,0,7738450,7806850,26.16,200,2,0
135444940,0,7777959,7807120,26.16,1300,2,0
135444940,0,7798682,7807120,26.16,4500,2,0
135444940,0,7799993,7807120,26.16,100,2,0
135444940,0,7800334,7807120,26.16,100,2,0
135444940,0,7800780,7807120,26.16,100,2,0
135444940,0,495029,7807120,26.15,100,2,0
135444940,0,7325090,7807120,26.15,100,2,0
135444940,0,7696513,7807120,26.15,100,2,0
135445200,0,7807293,7806199,26.17,100,1,0
135446800,0,7807252,7808317,26.16,200,2,0
135446800,0,7769377,7808317,26.15,200,2,0
135449160,0,7809593,7808944,26.16,100,1,0
135450090,0,7809713,7810185,26.16,4700,2,0
135450900,0,7810628,7810610,26.16,500,1,0
135451390,0,7810803,7810910,26.16,200,2,0
135451450,0,7810941,7810910,26.16,100,1,0
135453780,0,7812196,7810910,26.16,500,1,0
135454360,0,7812464,7810910,26.16,400,1,0
135454840,0,7812731,7810910,26.16,500,1,0
135454840,0,7812734,7810910,26.16,200,1,0
135454840,0,7812734,7812088,26.16,100,1,0
135455160,0,7812915,7809245,26.17,600,1,0
135455160,0,7812915,7809386,26.17,5300,1,0
135455330,0,7813015,7809386,26.17,2000,1,0
135455720,0,7813203,7809386,26.17,100,1,0
135455730,0,7813207,7809386,26.17,100,1,0
135455740,0,7813221,7809386,26.17,100,1,0
135455760,0,7813229,7793675,26.18,2600,1,0
135457210,0,7814041,7793675,26.18,200,1,0
135457470,0,7813221,7814174,26.17,800,2,0
135457860,0,7814379,7793675,26.18,200,1,0
135458000,0,7813224,7814459,26.17,200,2,0
135458000,0,7813225,7814459,26.17,400,2,0
135458720,0,7814918,7793675,26.18,200,1,0
135458720,0,7814919,7793675,26.18,200,1,0
135458720,0,7814920,7793675,26.18,300,1,0
135458730,0,7814932,7793675,26.18,500,1,0
135458730,0,7814935,7793675,26.18,200,1,0
135458730,0,7814937,7793675,26.18,100,1,0
135458730,0,7814938,7793675,26.18,900,1,0
135458750,0,7814945,7793675,26.18,100,1,0
135458760,0,7814981,7793675,26.18,300,1,0
135458920,0,7815111,7793675,26.18,400,1,0
135458920,0,7815117,7793675,26.18,2400,1,0
135459230,0,7815312,7793675,26.18,100,1,0
135459690,0,7815563,7793675,26.18,800,1,0
135507710,0,7820874,7793675,26.18,100,1,0
135507710,0,7820875,7793675,26.18,100,1,0
135507770,0,7820920,7796286,26.18,100,1,0
135507950,0,7821062,7796286,26.18,100,1,0
135508490,0,7821492,7796635,26.18,400,1,0
135509700,0,7822219,7796635,26.18,100,1,0
135509700,0,7822219,7813699,26.18,400,1,0
135509700,0,7822219,7815143,26.18,200,1,0
135510930,0,7823034,7816465,26.18,500,1,0
135513820,0,7824691,7824254,26.18,300,1,0
135516380,0,7826184,7826281,26.18,800,2,0
135516380,0,7819211,7826281,26.17,100,2,0
135516380,0,7822267,7826281,26.17,2100,2,0
135516410,0,7826309,7819141,26.19,100,1,0
135516410,0,7826309,7821450,26.19,700,1,0
135517500,0,7827158,7821450,26.19,800,1,0
135518120,0,7827730,7821450,26.19,800,1,0
135518710,0,7826838,7828217,26.18,200,2,0
135519290,0,7826838,7828685,26.18,100,2,0
135519290,0,7822267,7828685,26.17,900,2,0
135519290,0,7826624,7828685,26.17,500,2,0
135519290,0,7815779,7828685,26.16,200,2,0
135519290,0,7815893,7828685,26.16,200,2,0
135519290,0,7816029,7828685,26.16,100,2,0
135519290,0,7817425,7828685,26.16,100,2,0
135519430,0,7828780,7828685,26.16,2900,1,0
135519430,0,7828784,7828685,26.16,400,1,0
135519470,0,7828809,7828685,26.16,9700,1,0
135520370,0,7829467,7821450,26.19,500,1,0
135520390,0,7829473,7821450,26.19,100,1,0
135520390,0,7829474,7821450,26.19,300,1,0
135520390,0,7829475,7821450,26.19,800,1,0
135520390,0,7829479,7821450,26.19,1900,1,0
135520470,0,7829581,7821450,26.19,3100,1,0
135521220,0,7830065,7776529,26.2,200,1,0
135521360,0,7830164,7776529,26.2,300,1,0
135523550,0,7829581,7831593,26.19,500,2,0
135525480,0,7829581,7833530,26.19,3800,2,0
135525680,0,7831261,7833642,26.19,700,2,0
135525810,0,7833633,7833739,26.19,100,2,0
135525810,0,7828818,7833739,26.18,511,2,0
135529030,0,7829091,7835774,26.18,100,2,0
135529030,0,7832771,7835774,26.18,500,2,0
135529190,0,7835857,7835774,26.18,200,1,0
135532410,0,7837910,7837687,26.18,300,1,0
135539190,0,7839168,7841690,26.18,189,2,0
135539600,0,7831570,7841914,26.17,511,2,0
135539880,0,7842083,7783139,26.2,1000,1,0
135542610,0,7843641,7783139,26.2,100,1,0
135545070,0,7844975,7783139,26.2,100,1,0
135546250,0,7844103,7845566,26.18,500,2,0
135547340,0,7842240,7846090,26.17,11,2,0
135554660,0,7849908,7783139,26.2,100,1,0
135558820,0,7846794,7852003,26.18,300,2,0
135558820,0,7847988,7852003,26.18,400,2,0
135558820,0,7848448,7852003,26.18,200,2,0
135601650,0,7853718,7850439,26.19,100,1,0
135601650,0,7853718,7853252,26.19,300,1,0
135610150,0,7858474,7853970,26.19,700,1,0
135610330,0,7852355,7858554,26.18,1000,2,0
135614450,0,7860548,7784768,26.2,200,1,0
135615330,0,7859520,7860978,26.19,100,2,0
135616650,0,7861577,7830126,26.2,400,1,0
135620260,0,7861932,7863325,26.19,500,2,0
135620260,0,7855245,7863325,26.18,1800,2,0
135633410,0,7869372,7868789,26.19,600,1,0
135633710,0,7869372,7869566,26.19,1000,2,0
135637800,0,7869372,7871388,26.19,300,2,0
135637800,0,7870348,7871388,26.19,200,2,0
135645230,0,7870348,7875646,26.19,100,2,0
135650290,0,7870348,7878301,26.19,1000,2,0
135650500,0,7878379,7841779,26.2,4600,1,0
135655280,0,7881306,7841779,26.2,800,1,0
135655800,0,7881616,7841779,26.2,900,1,0
135704380,0,7886001,7850178,26.2,200,1,0
135704810,0,7886225,7850178,26.2,400,1,0
135704890,0,7871609,7886281,26.19,2600,2,0
135707230,0,7887532,7850178,26.2,100,1,0
135707740,0,7887762,7850178,26.2,100,1,0
135707740,0,7887762,7850424,26.2,100,1,0
135707740,0,7887762,7861705,26.2,200,1,0
135707740,0,7887762,7866299,26.2,100,1,0
135707740,0,7887762,7877268,26.2,1000,1,0
135710550,0,7889139,7879525,26.2,100,1,0
135712860,0,7890286,7879525,26.2,500,1,0
135715210,0,7871609,7891624,26.19,900,2,0
135716950,0,7871609,7892654,26.19,500,2,0
135716950,0,7871644,7892654,26.19,200,2,0
135722210,0,7895352,7881052,26.2,100,1,0
135722880,0,7871644,7895684,26.19,200,2,0
135722880,0,7871715,7895684,26.19,1000,2,0
135725820,0,7872541,7897123,26.19,100,2,0
135730040,0,7873245,7899045,26.19,900,2,0
135733950,0,7900903,7881052,26.2,100,1,0
135734020,0,7900930,7881052,26.2,100,1,0
135738010,0,7873245,7902715,26.19,100,2,0
135738010,0,7875794,7902715,26.19,1000,2,0
135738010,0,7879349,7902715,26.19,600,2,0
135738010,0,7884094,7902715,26.19,400,2,0
135738010,0,7885766,7902715,26.19,200,2,0
135738290,0,7898440,7902865,26.19,300,2,0
135738600,0,7898961,7902998,26.19,700,2,0
135738850,0,7898961,7903086,26.19,200,2,0
135741360,0,7898961,7904142,26.19,600,2,0
135742510,0,7898961,7904579,26.19,700,2,0
135744560,0,7905618,7881052,26.2,700,1,0
135744560,0,7905618,7882019,26.2,100,1,0
135744560,0,7905618,7884271,26.2,200,1,0
135744560,0,7905618,7885289,26.2,300,1,0
135744560,0,7905618,7890443,26.2,300,1,0
135744610,0,7905646,7890443,26.2,200,1,0
135744740,0,7905706,7901151,26.2,200,1,0
135744740,0,7905706,7901398,26.2,200,1,0
135752320,0,7908944,7765667,26.21,100,1,0
135754640,0,7907157,7910087,26.2,100,2,0
135754640,0,7908092,7910087,26.2,100,2,0
135754660,0,7910097,7910087,26.2,500,1,0
135800470,0,7913072,7765667,26.21,2200,1,0
135802180,0,7913879,7765667,26.21,100,1,0
135808970,0,7917297,7917639,26.2,300,2,0
135808970,0,7901548,7917639,26.19,100,2,0
135809240,0,7903942,7917814,26.19,400,2,0
135817510,0,7919098,7921875,26.2,500,2,0
135818290,0,7919098,7922299,26.2,800,2,0
135819870,0,7919387,7923336,26.2,1000,2,0
135822130,0,7920665,7924787,26.2,2100,2,0
135822490,0,7920665,7925030,26.2,600,2,0
135823690,0,7926153,7768750,26.21,5000,1,0
135824050,0,7926576,7744873,26.22,100,1,0
135824220,0,7926850,7744873,26.22,100,1,0
135825870,0,7928562,7744873,26.22,1600,1,0
135825870,0,7928562,7752681,26.22,200,1,0
135825870,0,7928562,7762506,26.22,300,1,0
135825870,0,7928562,7764135,26.22,1500,1,0
135825870,0,7928562,7784042,26.22,1900,1,0
135826440,0,7929080,7704811,26.23,100,1,0
135829230,0,7931366,7693381,26.24,100,1,0
135830100,0,7932007,7931626,26.23,100,1,0
135831940,0,7933212,7933488,26.22,400,2,0
135833510,0,7934458,7934060,26.23,100,1,0
135843200,0,7939905,7693381,26.24,100,1,0
135849100,0,7940461,7943565,26.24,500,2,0
135852960,0,7941395,7946017,26.24,500,2,0
135852960,0,7941748,7946017,26.24,100,2,0
135856130,0,7947637,7664841,26.25,400,1,0
135859000,0,7941748,7949215,26.24,400,2,0
135859080,0,7949345,7664841,26.25,100,1,0
135910720,0,7956300,7768657,26.25,300,1,0
135910720,0,7956300,7950501,26.25,800,1,0
135925250,0,7960576,7963761,26.26,500,2,0
135925250,0,7962683,7963761,26.26,800,2,0
135925250,0,7959112,7963761,26.25,100,2,0
135928550,0,7959112,7965336,26.25,100,2,0
135929760,0,7959112,7965844,26.25,100,2,0
135934450,0,7968325,7638442,26.27,100,1,0
135935110,0,7959112,7968697,26.25,600,2,0
135935280,0,7959112,7968773,26.25,2100,2,0
135935280,0,7965686,7968773,26.25,1200,2,0
135935280,0,7967573,7968773,26.25,100,2,0
135939280,0,7968607,7970688,26.25,300,2,0
135945250,0,7968878,7973377,26.25,100,2,0
135945250,0,7968891,7973377,26.25,100,2,0
135949430,0,7975648,7947087,26.27,300,1,0
135954970,0,7978408,7963895,26.27,200,1,0
135956540,0,7979147,7963895,26.27,1700,1,0
135957270,0,7979492,7963895,26.27,100,1,0
135958450,0,7972049,7979962,26.25,600,2,0
140007840,0,7986102,7976058,26.27,100,1,0
140008660,0,7972055,7986927,26.25,500,2,0
140008660,0,7972451,7986927,26.25,200,2,0
140008660,0,7972659,7986927,26.25,900,2,0
140009940,0,7988270,7978798,26.27,100,1,0
140010480,0,7988959,7978798,26.27,600,1,0
140010840,0,7989207,7979710,26.27,100,1,0
140010840,0,7989207,7979756,26.27,900,1,0
140010840,0,7989207,7982642,26.27,100,1,0
140010840,0,7989207,7988663,26.27,600,1,0
140016110,0,7993876,7994290,26.27,1000,2,0
140017240,0,7995172,7995308,26.27,2000,2,0
140036570,0,8006891,7636017,26.28,7000,1,0
140040170,0,8008904,7636017,26.28,100,1,0
140040560,0,8009124,7636017,26.28,600,1,0
140042650,0,8010383,7636017,26.28,1000,1,0
140045070,0,8011954,7636017,26.28,200,1,0
140045280,0,8012070,7636017,26.28,100,1,0
140048210,0,7995172,8014033,26.27,200,2,0
140048250,0,7995172,8014049,26.27,800,2,0
140048630,0,7995172,8014309,26.27,500,2,0
140049050,0,8014664,7636017,26.28,2000,1,0
140055060,0,7995172,8018608,26.27,200,2,0
140056600,0,7995172,8019798,26.27,200,2,0
140057100,0,7997249,8020149,26.27,300,2,0
140057530,0,8000351,8020410,26.27,100,2,0
140057530,0,8003440,8020410,26.27,400,2,0
140057530,0,8004938,8020410,26.27,300,2,0
140102550,0,8004938,8023527,26.27,200,2,0
140103130,0,8007880,8023892,26.27,200,2,0
140108010,0,8011555,8026832,26.27,500,2,0
140108510,0,8011555,8027180,26.27,1400,2,0
140109600,0,8013238,8027850,26.27,200,2,0
140110460,0,8013238,8028374,26.27,1700,2,0
140110460,0,8016915,8028374,26.27,2200,2,0
140110460,0,8022953,8028374,26.27,600,2,0
140111590,0,8029177,8028495,26.27,1800,1,0
140114090,0,8030665,8028495,26.27,500,1,0
140114650,0,7999849,8031004,26.26,600,2,0
140115660,0,8005351,8031591,26.26,1400,2,0
140115870,0,8025648,8031717,26.26,300,2,0
140116170,0,8025648,8031947,26.26,100,2,0
140116260,0,8032016,8029699,26.27,100,1,0
140117070,0,8032573,8032537,26.26,100,1,0
140117520,0,8032872,8030603,26.27,3300,1,0
140121770,0,7975547,8035374,26.25,100,2,0
140121990,0,7975547,8035500,26.25,200,2,0
140122020,0,7979275,8035521,26.25,1000,2,0
140126500,0,7979275,8037728,26.25,300,2,0
140126770,0,7981099,8037874,26.25,100,2,0
140126770,0,7984845,8037874,26.25,500,2,0
140134310,0,8021480,8041638,26.25,1000,2,0
140134730,0,8024863,8041925,26.25,1000,2,0
140137890,0,8025854,8043465,26.25,300,2,0
140138480,0,8043742,8034460,26.26,200,1,0
140143350,0,8034456,8046296,26.25,600,2,0
140143350,0,8037021,8046296,26.25,100,2,0
140143350,0,8042941,8046296,26.25,100,2,0
140144560,0,8046867,8046296,26.25,500,1,0
140145270,0,7955739,8047203,26.24,100,2,0
140145270,0,7962718,8047203,26.24,400,2,0
140145310,0,7962718,8047234,26.24,100,2,0
140146490,0,8038822,8047805,26.24,300,2,0
140146490,0,8039678,8047805,26.24,300,2,0
140147380,0,8048306,8046296,26.25,500,1,0
140150210,0,8049951,8046296,26.25,200,1,0
140156760,0,7936673,8053153,26.23,200,2,0
140158170,0,7936673,8053847,26.23,200,2,0
140158270,0,7936673,8053906,26.23,600,2,0
140158270,0,7965481,8053906,26.23,100,2,0
140158270,0,8053257,8053906,26.23,900,2,0
140158270,0,8053655,8053906,26.23,500,2,0
140158270,0,7936459,8053906,26.22,1300,2,0
140158270,0,7960657,8053906,26.22,600,2,0
140158270,0,8009623,8053906,26.22,300,2,0
140158270,0,8038910,8053906,26.22,500,2,0
140158270,0,8046282,8053906,26.22,800,2,0
140158270,0,8048568,8053906,26.22,10000,2,0
140158270,0,8051646,8053906,26.22,300,2,0
140158270,0,7926153,8053906,26.21,67500,2,0
140158270,0,7934646,8053906,26.21,500,2,0
140158270,0,7946032,8053906,26.21,300,2,0
140158270,0,8024884,8053906,26.21,1000,2,0
140158270,0,8036272,8053906,26.21,1500,2,0
140158270,0,8050171,8053906,26.21,500,2,0
140158270,0,7920665,8053906,26.2,1100,2,0
140158270,0,7922637,8053906,26.2,500,2,0
140158270,0,7925056,8053906,26.2,1000,2,0
140158270,0,7925342,8053906,26.2,500,2,0
140158270,0,7927097,8053906,26.2,200,2,0
140158270,0,7927262,8053906,26.2,700,2,0
140158270,0,7935853,8053906,26.2,100,2,0
140158270,0,7936251,8053906,26.2,600,2,0
140158270,0,7940410,8053906,26.2,300,2,0
140158270,0,7950719,8053906,26.2,600,2,0
140158270,0,7952012,8053906,26.2,1000,2,0
140158270,0,7955036,8053906,26.2,3000,2,0
140158270,0,7959011,8053906,26.2,5000,2,0
140158270,0,7962702,8053906,26.2,100,2,0
140158270,0,7966255,8053906,26.2,2000,2,0
140158270,0,7967500,8053906,26.2,500,2,0
140158270,0,8005284,8053906,26.2,1200,2,0
140158270,0,8008750,8053906,26.2,200,2,0
140158270,0,8017554,8053906,26.2,200,2,0
140158270,0,8018706,8053906,26.2,4700,2,0
140158270,0,8024347,8053906,26.2,200,2,0
140158270,0,8028866,8053906,26.2,100,2,0
140158270,0,8037577,8053906,26.2,300,2,0
140158270,0,8041148,8053906,26.2,700,2,0
140158270,0,8041945,8053906,26.2,200,2,0
140158370,0,8053943,8053906,26.2,100,1,0
140158550,0,8054029,8053906,26.2,100,1,0
140159510,0,7904758,8054573,26.19,900,2,0
140159510,0,7907252,8054573,26.19,400,2,0
140159510,0,7916069,8054573,26.19,1000,2,0
140159510,0,7925794,8054573,26.19,1000,2,0
140159510,0,7927021,8054573,26.19,1000,2,0
140159510,0,7928092,8054573,26.19,2000,2,0
140159510,0,7930776,8054573,26.19,2000,2,0
140200500,0,7937715,8055178,26.19,500,2,0
140200500,0,7948157,8055178,26.19,300,2,0
140204630,0,7948157,8057750,26.19,200,2,0
140204630,0,8009357,8057750,26.19,100,2,0
140204630,0,8046697,8057750,26.19,500,2,0
140205360,0,8058348,8053906,26.2,300,1,0
140206060,0,8058957,8053906,26.2,100,1,0
140206070,0,8058959,8053906,26.2,300,1,0
140206070,0,8058964,8053906,26.2,200,1,0
140206270,0,8059185,8053906,26.2,200,1,0
140206480,0,8059421,8053906,26.2,100,1,0
140206490,0,8046697,8059448,26.19,600,2,0
140206520,0,8054448,8059481,26.19,100,2,0
140206610,0,8059546,8053906,26.2,10300,1,0
140206610,0,8059546,8054208,26.2,300,1,0
140206610,0,8059546,8054792,26.2,900,1,0
140206610,0,8059546,8055004,26.2,200,1,0
140206610,0,8059546,8056233,26.2,200,1,0
140206610,0,8059546,8056500,26.2,300,1,0
140206610,0,8059546,8056584,26.2,2500,1,0
140206610,0,8059546,8056939,26.2,200,1,0
140206610,0,8059546,8058130,26.2,2000,1,0
140206610,0,8059546,8058431,26.2,500,1,0
140206610,0,8059546,8058576,26.2,100,1,0
140207020,0,8059546,8059870,26.2,100,2,0
140207020,0,8059714,8059870,26.2,400,2,0
140207360,0,8059714,8060219,26.2,200,2,0
140207410,0,8060264,8060288,26.21,100,2,0
140207470,0,8060339,8055206,26.23,1100,1,0
140210090,0,8060264,8062663,26.21,100,2,0
140210090,0,8060275,8062663,26.21,200,2,0
140210090,0,8060351,8062663,26.21,200,2,0
140216140,0,8066882,8066812,26.21,100,1,0
140218760,0,8067730,8068262,26.2,100,2,0
140219220,0,8068545,8068262,26.2,300,1,0
140224550,0,8070462,8071243,26.21,100,2,0
140226890,0,8072024,8072583,26.22,100,2,0
140228530,0,8071009,8073337,26.21,300,2,0
140228530,0,8072906,8073337,26.21,300,2,0
140233380,0,8076330,8076268,26.22,100,1,0
140239060,0,8072906,8079271,26.21,100,2,0
140244590,0,8081912,8077497,26.22,100,1,0
140244840,0,8076428,8082029,26.21,400,2,0
140248230,0,8081181,8083756,26.21,400,2,0
140248230,0,8081661,8083756,26.21,100,2,0
140248230,0,8068669,8083756,26.2,300,2,0
140248270,0,8068669,8083773,26.2,200,2,0
140250420,0,8068669,8085309,26.2,600,2,0
140253880,0,8086943,8077497,26.22,100,1,0
140256150,0,8086172,8088047,26.21,100,2,0
140259660,0,8089436,8077544,26.22,100,1,0
140304070,0,8086785,8091567,26.21,100,2,0
140309020,0,8086785,8094213,26.21,2700,2,0
140309020,0,8088064,8094213,26.21,100,2,0
140309020,0,8088290,8094213,26.21,400,2,0
140309020,0,8088472,8094213,26.21,100,2,0
140309020,0,8088787,8094213,26.21,1000,2,0
140309020,0,8089267,8094213,26.21,100,2,0
140309020,0,8090088,8094213,26.21,100,2,0
140309020,0,8092880,8094213,26.21,2000,2,0
140309020,0,8093475,8094213,26.21,200,2,0
140314660,0,8097115,8094213,26.21,200,1,0
140315100,0,8097330,8094213,26.21,100,1,0
140315230,0,8097397,8094213,26.21,100,1,0
140315670,0,8097722,8094213,26.21,100,1,0
140315720,0,8097748,8094213,26.21,100,1,0
140316370,0,8098205,8094213,26.21,2400,1,0
140316720,0,8098414,8094213,26.21,300,1,0
140316810,0,8098474,8094213,26.21,600,1,0
140316820,0,8098476,8094213,26.21,200,1,0
140317310,0,8098770,8094213,26.21,200,1,0
140321090,0,8101644,8064949,26.23,100,1,0
140321660,0,8099475,8102094,26.22,100,2,0
140338380,0,8103021,8110172,26.22,200,2,0
140338380,0,8103559,8110172,26.22,100,2,0
140338380,0,8108861,8110172,26.22,200,2,0
140338380,0,8109384,8110172,26.22,200,2,0
140338380,0,8109968,8110172,26.22,100,2,0
140344400,0,8112877,8064949,26.23,100,1,0
140348240,0,8109968,8114693,26.22,200,2,0
140353860,0,8113003,8117224,26.22,500,2,0
140353860,0,8113705,8117224,26.22,100,2,0
140353860,0,8114630,8117224,26.22,100,2,0
140355360,0,8117841,8117224,26.22,100,1,0
140355360,0,8117841,8070228,26.23,200,1,0
140359310,0,8118016,8119469,26.22,500,2,0
140359310,0,8118029,8119469,26.22,100,2,0
140417300,0,8120125,8128043,26.22,100,2,0
140417300,0,8121271,8128043,26.22,500,2,0
140417300,0,8121891,8128043,26.22,800,2,0
140417300,0,8123349,8128043,26.22,600,2,0
140418160,0,8128383,8070228,26.23,300,1,0
140418270,0,8123349,8128432,26.22,100,2,0
140418320,0,8123349,8128452,26.22,800,2,0
140419570,0,8128979,8070228,26.23,1000,1,0
140420060,0,8129179,8070228,26.23,100,1,0
140420200,0,8128991,8129235,26.22,500,2,0
140425530,0,8131516,8130726,26.22,100,1,0
140428280,0,8132713,8130726,26.22,100,1,0
140428850,0,8132934,8130726,26.22,100,1,0
140434560,0,8135614,8130726,26.22,200,1,0
140435570,0,8136056,8130726,26.22,200,1,0
140435570,0,8136056,8133245,26.22,800,1,0
140441420,0,8109741,8138584,26.21,500,2,0
140444850,0,8140068,8135295,26.22,500,1,0
140445280,0,8140272,8136648,26.22,100,1,0
140446490,0,8109741,8140811,26.21,500,2,0
140447200,0,8110726,8141131,26.21,1000,2,0
140447200,0,8119047,8141131,26.21,1000,2,0
140451330,0,8143058,8141883,26.22,100,1,0
140452850,0,8119663,8143765,26.21,100,2,0
140453020,0,8143870,8141883,26.22,1700,1,0
140453360,0,8144026,8141883,26.22,500,1,0
140454850,0,8144686,8141883,26.22,200,1,0
140456360,0,8145370,8141883,26.22,100,1,0
140457570,0,8145828,8141883,26.22,400,1,0
140506120,0,8119663,8150620,26.21,100,2,0
140506120,0,8120498,8150620,26.21,1000,2,0
140506120,0,8123935,8150620,26.21,1000,2,0
140506120,0,8125883,8150620,26.21,2000,2,0
140506120,0,8126039,8150620,26.21,500,2,0
140506120,0,8126320,8150620,26.21,400,2,0
140506260,0,8150760,8141883,26.22,100,1,0
140506260,0,8150760,8142846,26.22,300,1,0
140507440,0,8126320,8151413,26.21,200,2,0
140511050,0,8126320,8153318,26.21,500,2,0
140511940,0,8126320,8153834,26.21,100,2,0
140511940,0,8127300,8153834,26.21,500,2,0
140518910,0,8139317,8157301,26.21,900,2,0
140520830,0,8144834,8158102,26.21,500,2,0
140522870,0,8156082,8159364,26.21,100,2,0
140522910,0,8072632,8159381,26.2,100,2,0
140526230,0,8160903,8159990,26.21,100,1,0
140531180,0,8079016,8163286,26.2,200,2,0
140531940,0,8079016,8163705,26.2,500,2,0
140536230,0,8080961,8166093,26.2,100,2,0
140540900,0,8081769,8169033,26.2,1000,2,0
140542020,0,8081769,8169842,26.2,3000,2,0
140542130,0,8081769,8169949,26.2,300,2,0
140542780,0,8170344,8169503,26.21,200,1,0
140544390,0,8082638,8171333,26.2,300,2,0
140544560,0,8082638,8171472,26.2,600,2,0
140544560,0,8088269,8171472,26.2,200,2,0
140544560,0,8088462,8171472,26.2,200,2,0
140545060,0,8088462,8171896,26.2,300,2,0
140545060,0,8088945,8171896,26.2,200,2,0
140546100,0,8172769,8151364,26.22,300,1,0
140547990,0,8089364,8174337,26.2,100,2,0
140547990,0,8091539,8174337,26.2,100,2,0
140548010,0,8091539,8174365,26.2,200,2,0
140552150,0,8098023,8178075,26.2,300,2,0
140552640,0,8098023,8178690,26.2,300,2,0
140552830,0,8098023,8178872,26.2,500,2,0
140552830,0,8098023,8178873,26.2,200,2,0
140552830,0,8098023,8178874,26.2,100,2,0
140552830,0,8098023,8178875,26.2,500,2,0
140552830,0,8098023,8178876,26.2,200,2,0
140552830,0,8098023,8178877,26.2,100,2,0
140552850,0,8098023,8178886,26.2,300,2,0
140552850,0,8098023,8178888,26.2,200,2,0
140552850,0,8098023,8178896,26.2,500,2,0
140552870,0,8098023,8178899,26.2,200,2,0
140552900,0,8098023,8178941,26.2,300,2,0
140553140,0,8098023,8179205,26.2,300,2,0
140553140,0,8098023,8179225,26.2,400,2,0
140553140,0,8098023,8179229,26.2,400,2,0
140553140,0,8098023,8179234,26.2,100,2,0
140553140,0,8098023,8179250,26.2,100,2,0
140553160,0,8098023,8179270,26.2,200,2,0
140553160,0,8098023,8179292,26.2,300,2,0
140553410,0,8098023,8179567,26.2,200,2,0
140553500,0,8098023,8179663,26.2,300,2,0
140553650,0,8107920,8179838,26.2,1000,2,0
140553650,0,8123328,8179838,26.2,1000,2,0
140553650,0,8163686,8179838,26.2,900,2,0
140553650,0,8177917,8179838,26.2,1300,2,0
140554130,0,8057618,8180365,26.19,1900,2,0
140554130,0,8058406,8180365,26.19,500,2,0
140554270,0,8058406,8180497,26.19,500,2,0
140555750,0,8058406,8181853,26.19,200,2,0
140555860,0,8058406,8181939,26.19,100,2,0
140555870,0,8058406,8181949,26.19,500,2,0
140555940,0,8058406,8182033,26.19,200,2,0
140555960,0,8058406,8182040,26.19,300,2,0
140556300,0,8060409,8182406,26.19,200,2,0
140556640,0,8064693,8182708,26.19,200,2,0
140556680,0,8064693,8182756,26.19,200,2,0
140558630,0,8076703,8184272,26.19,100,2,0
140558860,0,8088133,8184451,26.19,100,2,0
140558960,0,8088133,8184550,26.19,400,2,0
140559150,0,8088133,8184731,26.19,100,2,0
140559260,0,8088133,8184806,26.19,500,2,0
140559430,0,8088133,8184942,26.19,100,2,0
140559560,0,8088602,8185008,26.19,100,2,0
140559940,0,8185300,8179838,26.2,600,1,0
140600510,0,8088602,8185788,26.19,400,2,0
140600530,0,8088602,8185801,26.19,9500,2,0
140600530,0,8150257,8185801,26.19,9300,2,0
140600530,0,7855268,8185801,26.18,500,2,0
140600530,0,7865156,8185801,26.18,3000,2,0
140600530,0,7896437,8185801,26.18,200,2,0
140600530,0,7896860,8185801,26.18,1000,2,0
140600530,0,7900838,8185801,26.18,500,2,0
140600530,0,7951466,8185801,26.18,300,2,0
140600530,0,8052144,8185801,26.18,800,2,0
140600530,0,8071975,8185801,26.18,2000,2,0
140600530,0,8111287,8185801,26.18,400,2,0
140600720,0,8185952,8179838,26.2,100,1,0
140601830,0,8111287,8186773,26.18,300,2,0
140601840,0,8111287,8186775,26.18,300,2,0
140601860,0,8111287,8186803,26.18,300,2,0
140601860,0,8111287,8186808,26.18,400,2,0
140601910,0,8111287,8186884,26.18,400,2,0
140601930,0,8111287,8186891,26.18,400,2,0
140602390,0,8111287,8187317,26.18,100,2,0
140602400,0,8111287,8187322,26.18,700,2,0
140604840,0,8111287,8189094,26.18,100,2,0
140604840,0,8111287,8189100,26.18,300,2,0
140604840,0,8111287,8189102,26.18,300,2,0
140604860,0,8111287,8189121,26.18,300,2,0
140604860,0,8111287,8189124,26.18,400,2,0
140604860,0,8111287,8189125,26.18,400,2,0
140604870,0,8111287,8189133,26.18,100,2,0
140605090,0,8111287,8189335,26.18,200,2,0
140607140,0,8191076,8187017,26.19,1000,1,0
140607930,0,8111287,8191806,26.18,1000,2,0
140607930,0,8111287,8191807,26.18,800,2,0
140607930,0,8111287,8191815,26.18,700,2,0
140607930,0,8111287,8191816,26.18,800,2,0
140608430,0,8111287,8192253,26.18,100,2,0
140608430,0,8120805,8192253,26.18,200,2,0
140608430,0,8131022,8192253,26.18,1900,2,0
140608430,0,8135597,8192253,26.18,200,2,0
140608430,0,8138237,8192253,26.18,1000,2,0
140608430,0,8162537,8192253,26.18,1000,2,0
140608430,0,8169180,8192253,26.18,100,2,0
140610530,0,8193690,8192253,26.18,500,1,0
140610530,0,8193690,8192415,26.18,100,1,0
140610530,0,8193690,8193386,26.18,100,1,0
140613560,0,7842240,8195810,26.17,89,2,0
140613560,0,7848213,8195810,26.17,100,2,0
140613560,0,7850942,8195810,26.17,211,2,0
140615220,0,7850942,8196906,26.17,89,2,0
140615220,0,7858819,8196906,26.17,111,2,0
140622830,0,7931519,8202109,26.17,1200,2,0
140629650,0,7943076,8206222,26.17,200,2,0
140635310,0,8209461,8207767,26.17,100,1,0
140637180,0,7829531,8210582,26.16,100,2,0
140637180,0,7836966,8210582,26.16,100,2,0
140637790,0,7851091,8210910,26.16,400,2,0
140638340,0,8211320,8210862,26.17,1000,1,0
140638340,0,8211320,8194629,26.18,100,1,0
140639010,0,8211342,8211666,26.17,100,2,0
140639010,0,8211405,8211666,26.17,1000,2,0
140639010,0,7853916,8211666,26.16,300,2,0
140639010,0,7853920,8211666,26.16,1900,2,0
140639960,0,7856833,8212361,26.16,900,2,0
140640150,0,8212457,8195373,26.18,2000,1,0
140640650,0,7856833,8212774,26.16,100,2,0
140640650,0,7858051,8212774,26.16,200,2,0
140640650,0,7860975,8212774,26.16,300,2,0
140640650,0,7878769,8212774,26.16,2000,2,0
140640650,0,7893640,8212774,26.16,200,2,0
140643570,0,8212953,8214291,26.17,400,2,0
140644730,0,8212953,8214950,26.17,100,2,0
140644730,0,8213323,8214950,26.17,500,2,0
140644940,0,8213323,8215168,26.17,500,2,0
140647820,0,8213709,8216937,26.17,100,2,0
140647820,0,8214612,8216937,26.17,700,2,0
140650380,0,8214612,8218303,26.17,800,2,0
140652660,0,8214612,8219683,26.17,2300,2,0
140653300,0,8214612,8220130,26.17,1000,2,0
140653550,0,8220266,8195373,26.18,500,1,0
140654010,0,8220586,8195850,26.18,1000,1,0
140654010,0,8220586,8211074,26.18,2000,1,0
140657190,0,8220586,8222475,26.18,2000,2,0
140658360,0,8220586,8223240,26.18,700,2,0
140659190,0,8220586,8223672,26.18,700,2,0
140701570,0,8220586,8225126,26.18,500,2,0
140708360,0,8229495,8187017,26.19,100,1,0
140708970,0,8220586,8229858,26.18,400,2,0
140709120,0,8220586,8229918,26.18,1300,2,0
140712750,0,8222996,8232319,26.18,300,2,0
140713270,0,8224950,8232612,26.18,389,2,0
140716790,0,8216885,8234416,26.17,300,2,0
140717540,0,8234756,8233212,26.18,1511,1,0
140718300,0,8235304,8187017,26.19,800,1,0
140718300,0,8234756,8235305,26.18,489,2,0
140718300,0,8221246,8235305,26.17,11,2,0
140725580,0,8239513,8238387,26.18,200,1,0
140728440,0,8223330,8241182,26.17,289,2,0
140728440,0,8229150,8241182,26.17,311,2,0
140728730,0,8241340,8238387,26.18,600,1,0
140730150,0,8229150,8242105,26.17,189,2,0
140732800,0,8229815,8243519,26.17,500,2,0
140737380,0,8241051,8246267,26.17,100,2,0
140737380,0,8245144,8246267,26.17,1000,2,0
140744380,0,7911549,8250116,26.16,500,2,0
140744380,0,7963510,8250116,26.16,1000,2,0
140744380,0,8023701,8250116,26.16,100,2,0
140744380,0,8040189,8250116,26.16,300,2,0
140744380,0,8089521,8250116,26.16,200,2,0
140744380,0,8100255,8250116,26.16,2000,2,0
140744380,0,8118708,8250116,26.16,100,2,0
140744380,0,8179653,8250116,26.16,300,2,0
140744380,0,8204372,8250116,26.16,500,2,0
140746300,0,8213626,8251106,26.16,400,2,0
140746660,0,8251277,8246267,26.17,500,1,0
140746840,0,8251435,8246267,26.17,100,1,0
140748260,0,8213626,8252243,26.16,200,2,0
140750730,0,8213626,8253710,26.16,1600,2,0
140751070,0,8213626,8253884,26.16,1900,2,0
140751480,0,8215881,8254077,26.16,600,2,0
140751480,0,8221220,8254077,26.16,200,2,0
140754080,0,8255461,8248588,26.17,100,1,0
140757510,0,8257376,8251509,26.17,411,1,0
140757800,0,8246020,8257541,26.16,900,2,0
140759710,0,8251000,8258623,26.16,100,2,0
140801400,0,8258360,8259774,26.16,400,2,0
140801520,0,8258360,8259837,26.16,500,2,0
140801520,0,8259821,8259837,26.16,500,2,0
140801660,0,8259996,8259837,26.16,100,1,0
140801910,0,8260233,8259837,26.16,100,1,0
140801980,0,8260286,8259837,26.16,100,1,0
140802700,0,8260814,8252546,26.17,100,1,0
140807750,0,8260325,8264044,26.16,800,2,0
140807750,0,8262196,8264044,26.16,100,2,0
140807750,0,8262776,8264044,26.16,400,2,0
140807900,0,8264134,8264044,26.16,200,1,0
140809200,0,8264966,8264044,26.16,100,1,0
140815250,0,7770462,8268381,26.15,100,2,0
140815250,0,7795916,8268381,26.15,100,2,0
140815250,0,7806214,8268381,26.15,100,2,0
140815250,0,7807996,8268381,26.15,500,2,0
140818410,0,7809089,8270098,26.15,1200,2,0
140819180,0,7809089,8270493,26.15,500,2,0
140820230,0,8271066,8264044,26.16,200,1,0
140820740,0,7809089,8271332,26.15,1000,2,0
140821250,0,7809089,8271617,26.15,200,2,0
140823390,0,7809089,8272859,26.15,400,2,0
140823560,0,8272946,8264044,26.16,600,1,0
140827090,0,7810880,8274993,26.15,200,2,0
140827260,0,7815692,8275096,26.15,100,2,0
140829280,0,7820202,8276219,26.15,500,2,0
140829280,0,7820908,8276219,26.15,300,2,0
140833140,0,7833877,8278553,26.15,1000,2,0
140835160,0,7850436,8279730,26.15,500,2,0
140835160,0,7856619,8279730,26.15,600,2,0
140835470,0,7856619,8279932,26.15,300,2,0
140835890,0,7860319,8280178,26.15,500,2,0
140836400,0,8280663,8264044,26.16,100,1,0
140841850,0,8283764,8264044,26.16,400,1,0
140841850,0,8283764,8264122,26.16,1800,1,0
140841850,0,8283764,8264677,26.16,400,1,0
140841850,0,8283764,8270108,26.16,500,1,0
140842130,0,8283896,8277650,26.16,200,1,0
140842990,0,8284300,8277650,26.16,100,1,0
140843770,0,7860319,8284654,26.15,400,2,0
140843770,0,7862534,8284654,26.15,100,2,0
140843770,0,7865009,8284654,26.15,500,2,0
140843770,0,7869335,8284654,26.15,500,2,0
140843770,0,7872072,8284654,26.15,200,2,0
140843770,0,7874156,8284654,26.15,200,2,0
140843770,0,7882055,8284654,26.15,200,2,0
140843770,0,7883318,8284654,26.15,100,2,0
140843770,0,7885260,8284654,26.15,1000,2,0
140843770,0,7890061,8284654,26.15,100,2,0
140843770,0,7905182,8284654,26.15,500,2,0
140843770,0,7907444,8284654,26.15,500,2,0
140843770,0,7908598,8284654,26.15,100,2,0
140846170,0,7908598,8285981,26.15,100,2,0
140846170,0,7915575,8285981,26.15,100,2,0
140846560,0,7978532,8286249,26.15,300,2,0
140848250,0,8006839,8287574,26.15,200,2,0
140849720,0,8010833,8288416,26.15,300,2,0
140849720,0,8070560,8288416,26.15,100,2,0
140849720,0,8074079,8288416,26.15,500,2,0
140851140,0,8074079,8289163,26.15,300,2,0
140851140,0,8083604,8289163,26.15,300,2,0
140852810,0,8290161,8277650,26.16,1000,1,0
140854520,0,8145302,8291303,26.15,100,2,0
140855860,0,8145302,8292126,26.15,300,2,0
140855980,0,8292207,8277650,26.16,200,1,0
140856720,0,8292684,8277650,26.16,100,1,0
140858290,0,8166398,8293719,26.15,1000,2,0
140858290,0,8205323,8293719,26.15,5000,2,0
140858290,0,8222093,8293719,26.15,500,2,0
140858290,0,8256549,8293719,26.15,1100,2,0
140859880,0,8256549,8294777,26.15,1000,2,0
140859880,0,8264813,8294777,26.15,200,2,0
140859880,0,8267519,8294777,26.15,100,2,0
140859880,0,8269238,8294777,26.15,800,2,0
140859880,0,8270772,8294777,26.15,500,2,0
140859880,0,8273472,8294777,26.15,900,2,0
140859880,0,8274460,8294777,26.15,900,2,0
140859880,0,8276949,8294777,26.15,200,2,0
140859880,0,8278345,8294777,26.15,500,2,0
140859880,0,8278564,8294777,26.15,100,2,0
140859880,0,8279672,8294777,26.15,200,2,0
140859880,0,8282537,8294777,26.15,100,2,0
140859880,0,8283761,8294777,26.15,500,2,0
140859880,0,8284691,8294777,26.15,100,2,0
140859880,0,8284900,8294777,26.15,4900,2,0
140900150,0,8284900,8295025,26.15,100,2,0
140900150,0,8288192,8295025,26.15,100,2,0
140900150,0,8291051,8295025,26.15,100,2,0
140901780,0,8291051,8296267,26.15,1200,2,0
140901780,0,8291051,8296268,26.15,200,2,0
140901780,0,8292213,8296268,26.15,200,2,0
140901780,0,8293032,8296268,26.15,100,2,0
140901780,0,8293673,8296268,26.15,100,2,0
140901780,0,103904,8296268,26.14,200,2,0
140901780,0,7124351,8296268,26.14,200,2,0
140901780,0,7374990,8296269,26.14,500,2,0
140901780,0,7797217,8296269,26.14,400,2,0
140901790,0,7801508,8296273,26.14,200,2,0
140901790,0,7813158,8296273,26.14,600,2,0
140903340,0,8297297,8297217,26.15,100,1,0
140903590,0,8297297,8297495,26.15,100,2,0
140903890,0,8297297,8297689,26.15,400,2,0
140906240,0,8298194,8299330,26.15,100,2,0
140906290,0,7834449,8299368,26.14,200,2,0
140906290,0,7838322,8299368,26.14,100,2,0
140906290,0,7881408,8299368,26.14,800,2,0
140906290,0,8095176,8299368,26.14,900,2,0
140908230,0,8095176,8300919,26.14,200,2,0
140914420,0,8305009,8299360,26.15,200,1,0
140915110,0,8095176,8305474,26.14,700,2,0
140915110,0,8258569,8305474,26.14,200,2,0
140915110,0,8268189,8305474,26.14,300,2,0
140915110,0,8268919,8305474,26.14,300,2,0
140916380,0,8268919,8306240,26.14,300,2,0
140916380,0,8269396,8306240,26.14,700,2,0
140916430,0,8306287,8302857,26.15,100,1,0
140916720,0,8306475,8302857,26.15,300,1,0
140918370,0,8307563,8302857,26.15,300,1,0
140919370,0,8270224,8308259,26.14,500,2,0
140928920,0,8309290,8313900,26.15,500,2,0
140932440,0,8311666,8316404,26.15,100,2,0
140932440,0,8316009,8316404,26.15,1000,2,0
140933200,0,8316977,8316404,26.15,500,1,0
140950700,0,8327787,8285899,26.16,1000,1,0
140951660,0,8317011,8328371,26.15,500,2,0
140956150,0,8330928,8285899,26.16,2000,1,0
140958050,0,8317011,8331938,26.15,900,2,0
140959900,0,8321097,8333006,26.15,300,2,0
141003090,0,8335426,8285899,26.16,300,1,0
141003090,0,8335426,8287560,26.16,1200,1,0
141005690,0,8337843,8287756,26.16,200,1,0
141005900,0,8321575,8337981,26.15,2000,2,0
141005900,0,8321897,8337981,26.15,1100,2,0
141005900,0,8324394,8337981,26.15,100,2,0
141005900,0,8324690,8337981,26.15,100,2,0
141005900,0,8326054,8337981,26.15,500,2,0
141005900,0,8326387,8337981,26.15,400,2,0
141006370,0,8326843,8338507,26.15,400,2,0
141006370,0,8327806,8338507,26.15,100,2,0
141006370,0,8328274,8338507,26.15,200,2,0
141006370,0,8328597,8338507,26.15,300,2,0
141008270,0,8340055,8339054,26.15,200,1,0
141008660,0,8340354,8339054,26.15,100,1,0
141009240,0,8340715,8339054,26.15,1500,1,0
141009320,0,8340772,8339054,26.15,500,1,0
141009320,0,8340775,8339054,26.15,200,1,0
141009380,0,8340815,8339054,26.15,600,1,0
141009380,0,8340815,8339662,26.15,800,1,0
141010740,0,8342188,8339662,26.15,17600,1,0
141011110,0,8342551,8340732,26.15,200,1,0
141011110,0,8342551,8341824,26.15,100,1,0
141013270,0,8275038,8344674,26.14,3000,2,0
141013740,0,8345007,8342259,26.15,500,1,0
141016310,0,8347022,8302939,26.16,100,1,0
141017750,0,8348309,8302939,26.16,200,1,0
141018240,0,8348366,8348688,26.15,100,2,0
141018270,0,8348706,8348688,26.15,500,1,0
141018460,0,8348842,8348688,26.15,1100,1,0
141018680,0,8348975,8302939,26.16,100,1,0
141019000,0,8349161,8302939,26.16,100,1,0
141019230,0,8349318,8302939,26.16,100,1,0
141019750,0,8349701,8302939,26.16,100,1,0
141024940,0,8348842,8353222,26.15,1300,2,0
141025000,0,8353261,8324930,26.16,200,1,0
141026310,0,8354149,8324930,26.16,300,1,0
141026310,0,8354149,8331344,26.16,1000,1,0
141026310,0,8354149,8340127,26.16,100,1,0
141026310,0,8354149,8349897,26.16,400,1,0
141026310,0,8354149,8252546,26.17,1311,1,0
141026310,0,8354149,8252616,26.17,2000,1,0
141026310,0,8354149,8265074,26.17,7600,1,0
141026310,0,8354149,8265590,26.17,1000,1,0
141026310,0,8354149,8281858,26.17,200,1,0
141026310,0,8354149,8295650,26.17,1000,1,0
141028400,0,8354149,8355302,26.17,3500,2,0
141035650,0,8359906,8274369,26.18,800,1,0
141038040,0,8354149,8361258,26.17,100,2,0
141041420,0,8362434,8363274,26.17,189,2,0
141044220,0,8356850,8364762,26.16,100,2,0
141047670,0,8357088,8366752,26.16,300,2,0
141047670,0,8349181,8366752,26.15,600,2,0
141051360,0,8366805,8368992,26.16,700,2,0
141051360,0,8367031,8368992,26.16,1000,2,0
141100460,0,8374442,8363274,26.17,1900,1,0
141100460,0,8369443,8374447,26.16,200,2,0
141101270,0,8374895,8363274,26.17,200,1,0
141103470,0,8376600,8366689,26.17,100,1,0
141103740,0,8376807,8369746,26.17,11,1,0
141103740,0,8376807,8374475,26.17,89,1,0
141104490,0,8377414,8374475,26.17,100,1,0
141105010,0,8377832,8374475,26.17,611,1,0
141105010,0,8377832,8377379,26.17,100,1,0
141105240,0,8377832,8378058,26.17,1289,2,0
141105240,0,8369443,8378058,26.16,1700,2,0
141105240,0,8370006,8378058,26.16,500,2,0
141105240,0,8371043,8378058,26.16,500,2,0
141105240,0,8371316,8378058,26.16,200,2,0
141105240,0,8371891,8378058,26.16,811,2,0
141107940,0,8378341,8380151,26.17,2000,2,0
141108680,0,8378341,8380937,26.17,500,2,0
141110210,0,8378341,8382486,26.17,3300,2,0
141110210,0,8378836,8382486,26.17,500,2,0
141115130,0,8387039,8386805,26.17,100,1,0
141115390,0,8387376,8386805,26.17,100,1,0
141115390,0,8387376,8310475,26.18,1000,1,0
141115390,0,8387376,8361453,26.18,2900,1,0
141115390,0,8387376,8361729,26.18,2000,1,0
141115390,0,8387376,8363807,26.18,4000,1,0
141116360,0,8388123,8363807,26.18,100,1,0
141116750,0,8388413,8364984,26.18,200,1,0
141116820,0,8371891,8388461,26.16,500,2,0
141116970,0,8388589,8364984,26.18,200,1,0
141116980,0,8388594,8364984,26.18,800,1,0
141118160,0,8389563,8364984,26.18,100,1,0
141118180,0,8389589,8364984,26.18,100,1,0
141119740,0,8390629,8364984,26.18,100,1,0
141119740,0,8390632,8364984,26.18,100,1,0
141120120,0,8390889,8364984,26.18,100,1,0
141126570,0,8391041,8396544,26.17,100,2,0
141127040,0,8371891,8397063,26.16,400,2,0
141129330,0,8399481,8396544,26.17,1000,1,0
141129570,0,8399790,8396544,26.17,1000,1,0
141131180,0,8401436,8396544,26.17,1200,1,0
141131640,0,8401807,8396544,26.17,200,1,0
141131660,0,8401818,8396544,26.17,100,1,0
141132420,0,8402434,8396544,26.17,500,1,0
141132940,0,8402819,8396544,26.17,500,1,0
141133740,0,8403500,8396544,26.17,3000,1,0
141141330,0,8371891,8409414,26.16,300,2,0
141143780,0,8374758,8410859,26.16,100,2,0
141143780,0,8376216,8410859,26.16,500,2,0
141143780,0,8376256,8410859,26.16,100,2,0
141143780,0,8386342,8410859,26.16,100,2,0
141143780,0,8405971,8410859,26.16,200,2,0
141147020,0,8412880,8411612,26.16,100,1,0
141153520,0,8413941,8416431,26.16,300,2,0
141157510,0,8414831,8418514,26.16,400,2,0
141200300,0,8419952,8396544,26.17,400,1,0
141200960,0,8414831,8420518,26.16,400,2,0
141202310,0,8421384,8396544,26.17,200,1,0
141203360,0,8414831,8421910,26.16,200,2,0
141204340,0,8414831,8422394,26.16,100,2,0
141204750,0,8422663,8396544,26.17,500,1,0
141206210,0,8414831,8423697,26.16,100,2,0
141206810,0,8415225,8424040,26.16,1000,2,0
141210790,0,8416328,8426346,26.16,500,2,0
141213780,0,8427954,8402299,26.17,300,1,0
141215190,0,8428793,8406205,26.17,200,1,0
141218100,0,8430432,8406205,26.17,300,1,0
141218690,0,8418233,8430731,26.16,800,2,0
141220110,0,8421742,8431553,26.16,100,2,0
141220110,0,8426467,8431553,26.16,200,2,0
141220110,0,8353790,8431553,26.15,3000,2,0
141220110,0,8357466,8431553,26.15,500,2,0
141220110,0,8366167,8431553,26.15,500,2,0
141220110,0,8370346,8431553,26.15,6500,2,0
141220110,0,8377429,8431553,26.15,300,2,0
141220110,0,8386628,8431553,26.15,300,2,0
141220110,0,8407123,8431553,26.15,200,2,0
141220110,0,8413378,8431553,26.15,100,2,0
141220110,0,8415357,8431553,26.15,800,2,0
141220110,0,8415717,8431553,26.15,1800,2,0
141220110,0,8416725,8431553,26.15,2000,2,0
141220110,0,8421539,8431553,26.15,400,2,0
141220110,0,8423997,8431553,26.15,900,2,0
141220110,0,8427277,8431553,26.15,100,2,0
141220110,0,8275038,8431553,26.14,300,2,0
141220110,0,8296833,8431553,26.14,500,2,0
141220110,0,8313625,8431553,26.14,1000,2,0
141220110,0,8323134,8431553,26.14,200,2,0
141220110,0,8336191,8431553,26.14,100,2,0
141220110,0,8348673,8431553,26.14,500,2,0
141220110,0,8351487,8431553,26.14,100,2,0
141220110,0,8353816,8431553,26.14,400,2,0
141220110,0,8355718,8431553,26.14,2500,2,0
141220110,0,8360397,8431553,26.14,300,2,0
141220110,0,8364842,8431553,26.14,400,2,0
141220110,0,8379307,8431553,26.14,3800,2,0
141220110,0,8379464,8431553,26.14,100,2,0
141220110,0,8385754,8431553,26.14,3000,2,0
141220110,0,593814,8431553,26.13,1000,2,0
141220110,0,7597319,8431553,26.13,100,2,0
141220110,0,7804948,8431553,26.13,500,2,0
141220110,0,7890604,8431553,26.13,5000,2,0
141220110,0,8276321,8431553,26.13,100,2,0
141220110,0,8306908,8431553,26.13,600,2,0
141220110,0,6164375,8431553,26.12,4800,2,0
141220110,0,7748614,8431553,26.12,1000,2,0
141220110,0,8081498,8431553,26.12,500,2,0
141220110,0,8270138,8431553,26.12,1500,2,0
141220110,0,8283403,8431553,26.12,900,2,0
141220110,0,8288425,8431553,26.12,400,2,0
141220110,0,8314910,8431553,26.12,500,2,0
141220110,0,8327780,8431553,26.12,100,2,0
141220110,0,8349116,8431553,26.12,1000,2,0
141220110,0,8372486,8431553,26.12,100,2,0
141220110,0,8375373,8431553,26.12,4000,2,0
141220400,0,8431728,8431553,26.12,500,1,0
141220400,0,8431732,8431553,26.12,200,1,0
141220400,0,8431734,8431553,26.12,200,1,0
141220400,0,8431742,8431553,26.12,100,1,0
141220410,0,8431751,8431553,26.12,11,1,0
141220540,0,8431751,8431824,26.12,100,2,0
141220900,0,8431973,8413642,26.17,300,1,0
141221250,0,8431863,8432143,26.16,200,2,0
141221380,0,8432227,8413642,26.17,400,1,0
141225690,0,8434726,8432483,26.16,300,1,0
141229960,0,8432537,8437068,26.15,200,2,0
141231820,0,8438110,8437068,26.15,100,1,0
141231840,0,8438111,8438118,26.15,100,2,0
141231900,0,8432291,8438150,26.13,200,2,0
141233240,0,8438987,8438118,26.15,100,1,0
141241170,0,8433314,8443408,26.13,2400,2,0
141241200,0,8443422,8438118,26.15,400,1,0
141241520,0,8433314,8443607,26.13,1600,2,0
141241520,0,8442122,8443607,26.13,1000,2,0
141241690,0,8443729,8443607,26.13,5100,1,0
141245260,0,8438583,8445602,26.12,600,2,0
141245430,0,8445705,8443607,26.13,100,1,0
141245430,0,8445705,8445600,26.13,100,1,0
141246180,0,8446287,8445600,26.13,100,1,0
141246180,0,8446287,8438118,26.15,200,1,0
141246700,0,8446549,8438118,26.15,300,1,0
141247350,0,8441080,8446883,26.12,500,2,0
141251950,0,8448098,8449144,26.12,200,2,0
141251950,0,30726,8449144,26.11,400,2,0
141251950,0,5901951,8449144,26.11,1200,2,0
141253840,0,8450101,8448736,26.13,500,1,0
141254480,0,8449377,8450399,26.12,100,2,0
141258120,0,8449377,8452005,26.12,400,2,0
141259470,0,8452809,8448736,26.13,1000,1,0
141300350,0,8453237,8448736,26.13,600,1,0
141302700,0,8451768,8454568,26.12,700,2,0
141305940,0,8455428,8456506,26.12,400,2,0
141306260,0,5901951,8456737,26.11,1400,2,0
141307940,0,5901951,8458003,26.11,500,2,0
141309090,0,8458693,8456506,26.12,200,1,0
141310780,0,8459730,8456506,26.12,18800,1,0
141311340,0,5901951,8460049,26.11,100,2,0
141314040,0,7688147,8461729,26.11,600,2,0
141314040,0,7934772,8461729,26.11,200,2,0
141315610,0,8330157,8462506,26.11,100,2,0
141315610,0,8446270,8462506,26.11,900,2,0
141315610,0,8446551,8462506,26.11,500,2,0
141315610,0,8449000,8462506,26.11,700,2,0
141315610,0,8458977,8462506,26.11,300,2,0
141317270,0,8463410,8462506,26.11,2000,1,0
141318230,0,79806,8463896,26.1,200,2,0
141318560,0,79806,8464045,26.1,800,2,0
141318560,0,110202,8464045,26.1,1000,2,0
141318560,0,300217,8464045,26.1,100,2,0
141318560,0,1080939,8464045,26.1,200,2,0
141318560,0,1106788,8464045,26.1,500,2,0
141318560,0,5609790,8464045,26.1,100,2,0
141318560,0,5700008,8464045,26.1,1100,2,0
141318560,0,5884242,8464045,26.1,300,2,0
141318560,0,6004350,8464045,26.1,200,2,0
141318560,0,6739982,8464045,26.1,200,2,0
141318560,0,6841283,8464045,26.1,300,2,0
141322460,0,8465945,8462506,26.11,1100,1,0
141323000,0,8466285,8462925,26.11,100,1,0
141323790,0,8466723,8465022,26.11,100,1,0
141324280,0,7032431,8467023,26.1,1000,2,0
141325010,0,7048238,8467388,26.1,100,2,0
141325010,0,7054439,8467388,26.1,400,2,0
141326920,0,8468421,8465070,26.11,1700,1,0
141326920,0,8468421,8465093,26.11,100,1,0
141328840,0,8469507,8469546,26.11,100,2,0
141328910,0,8469507,8469581,26.11,2000,2,0
141334540,0,8473071,8456506,26.12,200,1,0
141335920,0,8469507,8473947,26.11,600,2,0
141338990,0,8469507,8476224,26.11,2800,2,0
141340380,0,8477479,8456506,26.12,100,1,0
141341640,0,8469507,8478444,26.11,500,2,0
141342220,0,8469507,8478873,26.11,300,2,0
141342760,0,8469507,8479240,26.11,500,2,0
141343260,0,8469507,8479594,26.11,100,2,0
141343260,0,8471589,8479594,26.11,100,2,0
141343540,0,8472206,8479758,26.11,100,2,0
141343550,0,8472206,8479762,26.11,500,2,0
141344240,0,8480219,8456506,26.12,100,1,0
141344240,0,8472206,8480223,26.11,200,2,0
141345770,0,8476950,8481266,26.11,400,2,0
141345770,0,8478184,8481266,26.11,400,2,0
141345770,0,8478660,8481266,26.11,1000,2,0
141345770,0,8479348,8481266,26.11,500,2,0
141349990,0,8483908,8481266,26.11,700,1,0
141355590,0,7294159,8487371,26.1,3300,2,0
141355590,0,7330941,8487371,26.1,200,2,0
141355590,0,7367726,8487371,26.1,7500,2,0
141356090,0,7367726,8487637,26.1,2500,2,0
141356160,0,7367726,8487670,26.1,500,2,0
141358160,0,7367726,8488755,26.1,700,2,0
141400640,0,7367726,8490315,26.1,300,2,0
141400700,0,8490344,8483438,26.11,100,1,0
141400700,0,8490344,8484055,26.11,700,1,0
141404160,0,8492796,8484055,26.11,1000,1,0
141404210,0,7367726,8492834,26.1,1000,2,0
141406260,0,8494549,8484055,26.11,200,1,0
141407730,0,7367726,8495701,26.1,300,2,0
141408550,0,7367726,8496420,26.1,100,2,0
141409700,0,7367726,8497449,26.1,500,2,0
141410890,0,7367726,8498337,26.1,16300,2,0
141410890,0,7381332,8498337,26.1,100,2,0
141410890,0,7384392,8498337,26.1,400,2,0
141410890,0,7395500,8498337,26.1,300,2,0
141410890,0,7486875,8498337,26.1,200,2,0
141410890,0,7616736,8498337,26.1,100,2,0
141410890,0,7677490,8498337,26.1,2000,2,0
141410890,0,7729732,8498337,26.1,200,2,0
141410890,0,7770453,8498337,26.1,100,2,0
141410890,0,7792629,8498337,26.1,200,2,0
141410890,0,7796627,8498337,26.1,200,2,0
141411400,0,7804195,8498721,26.1,100,2,0
141411800,0,8499075,8484055,26.11,200,1,0
141411800,0,8499075,8484244,26.11,600,1,0
141412940,0,7804195,8500174,26.1,200,2,0
141413530,0,8500703,8486092,26.11,100,1,0
141414340,0,8501292,8489751,26.11,100,1,0
141414400,0,7823374,8501329,26.1,700,2,0
141415610,0,7825824,8502228,26.1,700,2,0
141416210,0,8502643,8491180,26.11,300,1,0
141416210,0,8502643,8491579,26.11,100,1,0
141416370,0,7825824,8502752,26.1,200,2,0
141416960,0,8503195,8491579,26.11,100,1,0
141420010,0,8505033,8491678,26.11,500,1,0
141420380,0,7833895,8505221,26.1,500,2,0
141420380,0,7903450,8505221,26.1,3000,2,0
141420910,0,8505542,8492231,26.11,900,1,0
141421100,0,8505593,8505625,26.11,500,2,0
141422120,0,8506157,8506028,26.11,1200,1,0
141436830,0,8511879,8515474,26.11,500,2,0
141436830,0,8512518,8515474,26.11,100,2,0
141436830,0,8513178,8515474,26.11,1000,2,0
141436830,0,8513765,8515474,26.11,100,2,0
141436830,0,8514362,8515474,26.11,700,2,0
141436830,0,8515440,8515474,26.11,600,2,0
141437130,0,7903450,8515657,26.1,5400,2,0
141437860,0,7903450,8516061,26.1,500,2,0
141439990,0,8517386,8456506,26.12,100,1,0
141440280,0,8516312,8517542,26.11,200,2,0
141448240,0,8518483,8522354,26.11,800,2,0
141453980,0,8520594,8525459,26.11,100,2,0
141453980,0,8521682,8525459,26.11,400,2,0
141456180,0,8525192,8526802,26.11,300,2,0
141456450,0,8525192,8526990,26.11,500,2,0
141456450,0,8525436,8526990,26.11,100,2,0
141456850,0,8527220,8456506,26.12,500,1,0
141504450,0,8527542,8532155,26.11,200,2,0
141506650,0,8534192,8456506,26.12,1000,1,0
141507730,0,8530113,8534978,26.11,900,2,0
141508130,0,8530113,8535270,26.11,200,2,0
141508600,0,8530113,8535577,26.11,100,2,0
141508960,0,8535852,8456506,26.12,800,1,0
141509180,0,8531731,8536043,26.11,100,2,0
141510330,0,8531827,8536866,26.11,100,2,0
141510760,0,8537170,8456506,26.12,800,1,0
141511770,0,8537873,8456506,26.12,100,1,0
141511810,0,8535058,8537886,26.11,100,2,0
141511810,0,8535449,8537886,26.11,800,2,0
141511810,0,8535687,8537886,26.11,1000,2,0
141511810,0,8536251,8537886,26.11,2200,2,0
141511810,0,8537300,8537886,26.11,500,2,0
141512240,0,7903450,8538355,26.1,800,2,0
141513630,0,8539432,8537886,26.11,200,1,0
141513870,0,8539576,8537886,26.11,500,1,0
141514810,0,8540470,8537886,26.11,1600,1,0
141518110,0,8543122,8537886,26.11,100,1,0
141523040,0,8546795,8543748,26.11,900,1,0
141524450,0,7903450,8548003,26.1,3300,2,0
141524670,0,7903450,8548230,26.1,800,2,0
141524850,0,8548441,8543748,26.11,500,1,0
141525780,0,8549220,8543748,26.11,1600,1,0
141525890,0,8549336,8543748,26.11,700,1,0
141527010,0,7903450,8550061,26.1,500,2,0
141528120,0,8551118,8543748,26.11,100,1,0
141528120,0,8551124,8543748,26.11,100,1,0
141528510,0,7903450,8551453,26.1,600,2,0
141528880,0,8551883,8547212,26.11,100,1,0
141528880,0,8551884,8549687,26.11,200,1,0
141528890,0,8551893,8549687,26.11,700,1,0
141528900,0,8551906,8456506,26.12,100,1,0
141529310,0,8552338,8456506,26.12,4300,1,0
141529340,0,8552374,8456506,26.12,1100,1,0
141529640,0,8552694,8456506,26.12,100,1,0
141529640,0,8552695,8456506,26.12,200,1,0
141529640,0,8552699,8456506,26.12,100,1,0
141529640,0,8552742,8456506,26.12,100,1,0
141529640,0,8552755,8456506,26.12,100,1,0
141529640,0,8552756,8456930,26.12,100,1,0
141530370,0,8551893,8554211,26.11,800,2,0
141531280,0,8554653,8555451,26.11,200,2,0
141531680,0,8555874,8456930,26.12,100,1,0
141531950,0,8555298,8556131,26.11,500,2,0
141532890,0,8556698,8557148,26.11,300,2,0
141533710,0,7903450,8558100,26.1,2600,2,0
141535140,0,8558196,8559513,26.11,100,2,0
141537890,0,8561700,8456930,26.12,100,1,0
141537890,0,8561702,8456930,26.12,100,1,0
141537890,0,8561703,8456930,26.12,100,1,0
141538190,0,8558196,8561998,26.11,100,2,0
141538190,0,8559577,8561998,26.11,1000,2,0
141538190,0,8560636,8561998,26.11,800,2,0
141538190,0,8561983,8561998,26.11,100,2,0
141540030,0,8562975,8563426,26.11,200,2,0
141540540,0,8563805,8563426,26.11,300,1,0
141540650,0,8563891,8563426,26.11,200,1,0
141542280,0,8565050,8563426,26.11,1700,1,0
141543380,0,8565856,8563426,26.11,2600,1,0
141544160,0,8566424,8460187,26.12,100,1,0
141551950,0,8571041,8476378,26.12,200,1,0
141552890,0,8571636,8476378,26.12,100,1,0
141554670,0,8572675,8476378,26.12,1300,1,0
141554850,0,8566392,8572763,26.11,300,2,0
141555860,0,8573487,8476378,26.12,200,1,0
141555880,0,8573498,8565283,26.12,100,1,0
141555880,0,8573509,8565283,26.12,700,1,0
141555910,0,8573543,8448736,26.13,200,1,0
141555930,0,8573550,8448736,26.13,2100,1,0
141555930,0,8573552,8448736,26.13,2700,1,0
141558870,0,8575462,8448736,26.13,200,1,0
141558900,0,8575491,8448736,26.13,1000,1,0
141601980,0,8577811,8448736,26.13,500,1,0
141603920,0,8573520,8579186,26.12,100,2,0
141603920,0,8573528,8579186,26.12,100,2,0
141603920,0,8573529,8579186,26.12,100,2,0
141603920,0,8573535,8579186,26.12,100,2,0
141603920,0,8573548,8579186,26.12,300,2,0
141603920,0,8573549,8579186,26.12,100,2,0
141603920,0,8573924,8579186,26.12,100,2,0
141603920,0,8574208,8579186,26.12,100,2,0
141603920,0,8574413,8579186,26.12,100,2,0
141603920,0,8574419,8579186,26.12,100,2,0
141603920,0,8574427,8579186,26.12,200,2,0
141603920,0,8574712,8579186,26.12,2000,2,0
141603920,0,8575452,8579186,26.12,400,2,0
141603920,0,8575708,8579186,26.12,100,2,0
141603920,0,8575908,8579186,26.12,500,2,0
141603920,0,8576584,8579186,26.12,100,2,0
141603920,0,8576593,8579186,26.12,100,2,0
141603920,0,8577051,8579186,26.12,600,2,0
141603920,0,8577187,8579186,26.12,100,2,0
141603920,0,8566392,8579186,26.11,600,2,0
141603920,0,8566874,8579186,26.11,5900,2,0
141606520,0,8579904,8580912,26.12,200,2,0
141610530,0,8583670,8583457,26.12,100,1,0
141610740,0,8583691,8583771,26.12,600,2,0
141614930,0,8586341,8448736,26.13,100,1,0
141624280,0,8586021,8591464,26.12,1500,2,0
141627160,0,8593604,8450097,26.13,100,1,0
141632450,0,8596601,8450097,26.13,200,1,0
141636910,0,8589094,8599045,26.12,1100,2,0
141636910,0,8595079,8599045,26.12,400,2,0
141640660,0,8601042,8458691,26.13,700,1,0
141655130,0,8608628,8608780,26.12,200,2,0
141655130,0,8572358,8608780,26.11,900,2,0
141711540,0,8616956,8618933,26.12,4300,2,0
141711540,0,8618486,8618933,26.12,100,2,0
141712150,0,8619350,8618933,26.12,100,1,0
141712330,0,8619444,8618933,26.12,1000,1,0
141713100,0,8619854,8618933,26.12,100,1,0
141716840,0,8622093,8620074,26.12,1200,1,0
141720960,0,8624554,8624076,26.12,1200,1,0
141722120,0,8625238,8458691,26.13,100,1,0
141729010,0,8628708,8458691,26.13,100,1,0
141729670,0,8626907,8629048,26.12,100,2,0
141737540,0,8626907,8633644,26.12,200,2,0
141741140,0,8626907,8635473,26.12,700,2,0
141743300,0,8626907,8636525,26.12,4000,2,0
141744240,0,8637008,8587146,26.13,100,1,0
141750260,0,8639884,8587146,26.13,500,1,0
141750280,0,8639887,8587146,26.13,1000,1,0
141751660,0,8640516,8587146,26.13,100,1,0
141752770,0,8626907,8641203,26.12,300,2,0
141754220,0,8641895,8587146,26.13,100,1,0
141754310,0,8641922,8587146,26.13,200,1,0
141758820,0,8644194,8587146,26.13,1500,1,0
141759300,0,8644432,8587146,26.13,900,1,0
141759320,0,8644449,8587146,26.13,500,1,0
141759320,0,8644450,8587146,26.13,900,1,0
141759330,0,8644452,8587146,26.13,600,1,0
141759480,0,8644518,8597115,26.13,100,1,0
141800670,0,8645175,8627481,26.13,100,1,0
141802280,0,8646126,8596221,26.14,900,1,0
141805740,0,8645175,8648117,26.13,4300,2,0
141809350,0,8650548,8649430,26.14,200,1,0
141814070,0,8653185,8652210,26.14,6300,1,0
141820530,0,8656812,8652210,26.14,500,1,0
141820760,0,8657023,8652210,26.14,300,1,0
141822900,0,8658736,8652210,26.14,3600,1,0
141825700,0,8660569,8661183,26.14,400,2,0
141825700,0,8660902,8661183,26.14,100,2,0
141828400,0,8663336,8444029,26.15,800,1,0
141829190,0,8663918,8657629,26.15,200,1,0
141835610,0,8670157,8668550,26.16,100,1,0
141835610,0,8670157,8669774,26.16,400,1,0
141842720,0,8676310,8675968,26.16,600,1,0
141842720,0,8676310,8434869,26.17,900,1,0
141844260,0,8676406,8677422,26.16,100,2,0
141859770,0,8687366,8687241,26.17,100,1,0
141901290,0,8687366,8688460,26.17,800,2,0
141907440,0,8688276,8692839,26.17,600,2,0
141909760,0,8694286,8463196,26.18,100,1,0
141910060,0,8688743,8694558,26.17,100,2,0
141910060,0,8681889,8694558,26.16,1000,2,0
141910060,0,8691420,8694558,26.16,1000,2,0
141917960,0,8699442,8698842,26.17,300,1,0
141917960,0,8699442,8695657,26.18,200,1,0
141922640,0,8702266,8702326,26.17,700,2,0
141923700,0,8702892,8702419,26.17,700,1,0
141925900,0,8672395,8704137,26.15,100,2,0
141925900,0,8688565,8704137,26.15,3000,2,0
141928750,0,8705134,8705662,26.17,100,2,0
141931760,0,8706839,8707179,26.17,100,2,0
141933170,0,8707934,8708049,26.17,200,2,0
141933760,0,8708381,8703034,26.18,300,1,0
141939120,0,8711153,8703034,26.18,100,1,0
141944690,0,8713781,8713265,26.17,600,1,0
141955100,0,8718663,8718843,26.17,1500,2,0
141956770,0,8718663,8719617,26.17,100,2,0
141956770,0,8719356,8719617,26.17,200,2,0
141956770,0,8703463,8719617,26.15,1300,2,0
141956770,0,8709854,8719617,26.15,300,2,0
141956770,0,8711470,8719617,26.15,100,2,0
142009020,0,8666973,8726364,26.14,200,2,0
142011250,0,8699963,8727617,26.14,1000,2,0
142011400,0,8727734,8726222,26.15,200,1,0
142012730,0,8728453,8726222,26.15,700,1,0
142025640,0,8732002,8735748,26.14,200,2,0
142029000,0,8654558,8737525,26.13,1000,2,0
142050040,0,8724573,8748247,26.13,900,2,0
142050040,0,8735875,8748247,26.13,300,2,0
142050120,0,8748302,8735748,26.14,100,1,0
142051200,0,8745595,8748995,26.13,300,2,0
142053140,0,8750108,8735748,26.14,100,1,0
142057980,0,8747996,8752604,26.13,700,2,0
142100730,0,8747996,8754240,26.13,8700,2,0
142106660,0,8747996,8757398,26.13,1600,2,0
142108160,0,8747996,8758488,26.13,100,2,0
142114050,0,8762551,8738618,26.14,100,1,0
142116300,0,8747996,8764189,26.13,200,2,0
142131090,0,8747996,8772278,26.13,11000,2,0
142143460,0,8747996,8778121,26.13,200,2,0
142147630,0,8780044,8741272,26.14,100,1,0
142147730,0,8752077,8780092,26.13,200,2,0
142149040,0,8759354,8780706,26.13,200,2,0
142152300,0,8782328,8742667,26.14,100,1,0
142152420,0,8768105,8782394,26.13,300,2,0
142152820,0,8775089,8782558,26.13,5000,2,0
142202650,0,8782235,8787282,26.13,300,2,0
142204890,0,8788365,8775950,26.14,1000,1,0
142205620,0,8788771,8785067,26.14,400,1,0
142206810,0,8789562,8785067,26.14,400,1,0
142206810,0,8789562,8786212,26.14,800,1,0
142210530,0,8791960,8786212,26.14,200,1,0
142212470,0,8785658,8792973,26.13,1500,2,0
142213060,0,8787180,8793300,26.13,100,2,0
142224380,0,8799140,8786212,26.14,100,1,0
142228560,0,8799210,8801312,26.14,1500,2,0
142234850,0,8799210,8804393,26.14,600,2,0
142234900,0,8799210,8804427,26.14,100,2,0
142236530,0,8799210,8805235,26.14,100,2,0
142237870,0,8799210,8805976,26.14,700,2,0
142239180,0,8806560,8726222,26.15,100,1,0
142239210,0,8799210,8806576,26.14,1000,2,0
142246180,0,8805564,8809526,26.14,3100,2,0
142248270,0,8805689,8810403,26.14,200,2,0
142251490,0,8811804,8726222,26.15,600,1,0
142253260,0,8812706,8733174,26.15,3000,1,0
142253260,0,8812706,8804802,26.15,100,1,0
142254680,0,8813406,8808952,26.15,800,1,0
142256310,0,8814204,8808952,26.15,1100,1,0
142259300,0,8815580,8814280,26.14,800,1,0
142259640,0,8815744,8814280,26.14,100,1,0
142302170,0,8816947,8814280,26.14,1100,1,0
142302170,0,8816947,8816460,26.14,800,1,0
142302290,0,8817011,8814560,26.15,200,1,0
142302560,0,8797646,8817165,26.13,200,2,0
142304140,0,8817932,8817829,26.14,200,1,0
142307910,0,8820059,8750750,26.16,100,1,0
142308360,0,8819565,8820359,26.14,300,2,0
142312370,0,8822867,8750750,26.16,100,1,0
142314680,0,8797646,8824176,26.13,800,2,0
142317790,0,8799405,8825926,26.13,100,2,0
142319430,0,8826996,8719820,26.17,100,1,0
142322860,0,8829110,8719820,26.17,200,1,0
142324050,0,8809243,8830020,26.13,200,2,0
142327490,0,8832216,8830451,26.15,1000,1,0
142330060,0,8833414,8831316,26.15,200,1,0
142346580,0,8841918,8839290,26.14,100,1,0
142346580,0,8841918,8840366,26.14,500,1,0
142348560,0,8842874,8840366,26.14,100,1,0
142407580,0,8853516,8832378,26.17,1300,1,0
142409200,0,8847010,8854685,26.14,100,2,0
142411340,0,8847010,8856004,26.14,500,2,0
142413900,0,8857582,8856501,26.15,100,1,0
142413900,0,8857582,8857119,26.15,100,1,0
142414240,0,8857790,8856912,26.16,100,1,0
142414240,0,8857790,8832378,26.17,700,1,0
142416750,0,8859130,8857921,26.15,100,1,0
142418240,0,8847010,8859929,26.14,200,2,0
142422230,0,8847010,8862263,26.14,100,2,0
142424280,0,8863411,8860548,26.16,100,1,0
142425990,0,8849115,8864349,26.14,200,2,0
142436720,0,8860518,8869828,26.14,900,2,0
142436720,0,8861935,8869828,26.14,100,2,0
142436720,0,8866691,8869828,26.14,200,2,0
142436720,0,8867058,8869828,26.14,100,2,0
142436720,0,8867939,8869828,26.14,1000,2,0
142441200,0,8872266,8870219,26.14,700,1,0
142441720,0,8809565,8872537,26.13,900,2,0
142443980,0,8873529,8872004,26.14,200,1,0
142447750,0,8873529,8875538,26.14,100,2,0
142457180,0,8876252,8880902,26.14,600,2,0
142457180,0,8877262,8880902,26.14,1500,2,0
142502370,0,8877262,8883778,26.14,900,2,0
142502370,0,8879602,8883778,26.14,1000,2,0
142504510,0,8817494,8885263,26.13,400,2,0
142504610,0,8817494,8885338,26.13,300,2,0
142504870,0,8885569,8883778,26.14,1000,1,0
142507100,0,8887217,8883778,26.14,100,1,0
142508060,0,8888102,8883778,26.14,200,1,0
142508670,0,8888588,8883778,26.14,600,1,0
142509790,0,8889473,8883778,26.14,100,1,0
142510500,0,8817494,8890040,26.13,1000,2,0
142510520,0,8817494,8890043,26.13,1000,2,0
142510530,0,8817494,8890068,26.13,500,2,0
142510590,0,8890094,8883778,26.14,500,1,0
142510630,0,8817494,8890108,26.13,1500,2,0
142511650,0,8817494,8890837,26.13,100,2,0
142511650,0,8817494,8890844,26.13,100,2,0
142511670,0,8817494,8890852,26.13,100,2,0
142513520,0,8817494,8892053,26.13,400,2,0
142513840,0,8817494,8892316,26.13,100,2,0
142513840,0,8817494,8892320,26.13,100,2,0
142516530,0,8817494,8894021,26.13,100,2,0
142516850,0,8817494,8894236,26.13,200,2,0
142517450,0,8817494,8894601,26.13,200,2,0
142517650,0,8817494,8894747,26.13,200,2,0
142520080,0,8817494,8896232,26.13,100,2,0
142520080,0,8817494,8896235,26.13,100,2,0
142520130,0,8817494,8896277,26.13,100,2,0
142520150,0,8817494,8896281,26.13,100,2,0
142520170,0,8817494,8896308,26.13,8400,2,0
142522270,0,8817494,8897494,26.13,300,2,0
142522320,0,8817494,8897522,26.13,700,2,0
142522500,0,8817494,8897619,26.13,15900,2,0
142522500,0,8817494,8897622,26.13,100,2,0
142522510,0,8817494,8897647,26.13,100,2,0
142522510,0,8817494,8897649,26.13,200,2,0
142522510,0,8817494,8897650,26.13,100,2,0
142522530,0,8817494,8897655,26.13,400,2,0
142522530,0,8817494,8897656,26.13,1200,2,0
142522530,0,8817494,8897659,26.13,100,2,0
142522530,0,8817494,8897665,26.13,3200,2,0
142522540,0,8817494,8897669,26.13,600,2,0
142522540,0,8817494,8897673,26.13,1200,2,0
142522540,0,8817494,8897674,26.13,900,2,0
142522600,0,8817494,8897704,26.13,100,2,0
142522600,0,8817494,8897708,26.13,600,2,0
142522610,0,8817494,8897710,26.13,600,2,0
142522630,0,8817494,8897724,26.13,2600,2,0
142522890,0,8817494,8897892,26.13,2600,2,0
142522890,0,8817494,8897894,26.13,200,2,0
142523130,0,8832640,8898038,26.13,1000,2,0
142523150,0,8833923,8898050,26.13,100,2,0
142523330,0,8833923,8898159,26.13,100,2,0
142523330,0,8835836,8898159,26.13,600,2,0
142524770,0,8839727,8899082,26.13,500,2,0
142524770,0,8874372,8899082,26.13,500,2,0
142529070,0,8902140,8899082,26.13,200,1,0
142529070,0,8902140,8900024,26.13,300,1,0
142529510,0,8626907,8902409,26.12,200,2,0
142536170,0,8626907,8906543,26.12,1000,2,0
142536530,0,8906770,8900024,26.13,2000,1,0
142537140,0,8626907,8907160,26.12,17500,2,0
142539060,0,8908468,8901520,26.13,1000,1,0
142541700,0,8626907,8910019,26.12,1000,2,0
142544920,0,8626907,8911953,26.12,300,2,0
142547170,0,8626907,8913236,26.12,500,2,0
142547790,0,8626907,8913629,26.12,1300,2,0
142547870,0,8913678,8904618,26.13,100,1,0
142547870,0,8913678,8906208,26.13,1100,1,0
142553000,0,8626907,8916828,26.12,5800,2,0
142553830,0,8626907,8917411,26.12,200,2,0
142555910,0,8626907,8918740,26.12,23600,2,0
142555910,0,8626946,8918740,26.12,1000,2,0
142555910,0,8629089,8918740,26.12,100,2,0
142555910,0,8630520,8918740,26.12,1000,2,0
142555910,0,8632239,8918740,26.12,1000,2,0
142555910,0,8634579,8918740,26.12,100,2,0
142555910,0,8635212,8918740,26.12,1000,2,0
142555910,0,8638223,8918740,26.12,10000,2,0
142555910,0,8641793,8918740,26.12,2000,2,0
142555910,0,8645675,8918740,26.12,400,2,0
142555910,0,8647149,8918740,26.12,200,2,0
142555910,0,8697328,8918740,26.12,700,2,0
142555910,0,8704101,8918740,26.12,500,2,0
142555910,0,8746581,8918740,26.12,200,2,0
142555910,0,8753019,8918740,26.12,200,2,0
142555910,0,8763565,8918740,26.12,400,2,0
142555910,0,8783581,8918740,26.12,200,2,0
142555910,0,8786100,8918740,26.12,900,2,0
142555910,0,8795436,8918740,26.12,300,2,0
142556150,0,8795436,8918890,26.12,100,2,0
142556150,0,8795436,8918897,26.12,500,2,0
142556150,0,8801895,8918897,26.12,300,2,0
142556150,0,8802942,8918897,26.12,200,2,0
142556150,0,8804542,8918897,26.12,300,2,0
142556150,0,8842510,8918897,26.12,1000,2,0
142556150,0,8850240,8918897,26.12,800,2,0
142556240,0,8894982,8918957,26.12,900,2,0
142556240,0,8899587,8918957,26.12,800,2,0
142556240,0,8910953,8918957,26.12,1000,2,0
142558280,0,8915240,8920267,26.12,800,2,0
142603560,0,8922091,8923489,26.12,600,2,0
142603630,0,8922091,8923539,26.12,1100,2,0
142603650,0,8922091,8923547,26.12,200,2,0
142605880,0,8922091,8924954,26.12,700,2,0
142607570,0,8922733,8926295,26.12,700,2,0
142607570,0,8924598,8926295,26.12,300,2,0
142608250,0,8926863,8906744,26.13,200,1,0
142608250,0,8926863,8908134,26.13,100,1,0
142608250,0,8926863,8908865,26.13,100,1,0
142608250,0,8926863,8912581,26.13,300,1,0
142608250,0,8926863,8918896,26.13,100,1,0
142609680,0,8924598,8927898,26.12,200,2,0
142609680,0,8925021,8927898,26.12,1100,2,0
142610320,0,8928404,8921197,26.13,200,1,0
142610320,0,8928404,8922846,26.13,100,1,0
142610320,0,8928404,8923808,26.13,500,1,0
142611810,0,8929499,8923808,26.13,400,1,0
142611810,0,8929499,8927155,26.13,400,1,0
142612650,0,8930048,8927155,26.13,400,1,0
142612650,0,8930048,8928724,26.13,100,1,0
142612650,0,8930048,8883778,26.14,300,1,0
142613910,0,8925021,8931013,26.12,700,2,0
142615350,0,8932038,8931465,26.13,200,1,0
142615850,0,8932038,8932365,26.13,800,2,0
142616830,0,8926703,8933043,26.12,100,2,0
142616850,0,8926703,8933044,26.12,100,2,0
142616850,0,8572950,8933046,26.11,100,2,0
142616850,0,8572950,8933047,26.11,100,2,0
142616850,0,8572950,8933048,26.11,100,2,0
142616850,0,8573272,8933049,26.11,100,2,0
142616850,0,8577470,8933050,26.11,100,2,0
142616850,0,8577470,8933051,26.11,100,2,0
142616860,0,8577470,8933068,26.11,100,2,0
142618320,0,8933992,8933502,26.12,800,1,0
142621880,0,8936327,8932365,26.13,100,1,0
142625640,0,8938456,8938683,26.12,200,2,0
142633980,0,8943706,8940458,26.12,100,1,0
142633980,0,8943706,8943088,26.12,400,1,0
142634920,0,8628215,8944255,26.11,800,2,0
142634920,0,8629067,8944255,26.11,1200,2,0
142634920,0,8633085,8944255,26.11,500,2,0
142636420,0,8661509,8945162,26.11,600,2,0
142637230,0,8718028,8945559,26.11,700,2,0
142644910,0,8801629,8950355,26.11,300,2,0
142644910,0,8881101,8950355,26.11,100,2,0
142644910,0,8917905,8950355,26.11,3000,2,0
142644910,0,8918107,8950355,26.11,100,2,0
142644910,0,8927429,8950355,26.11,1000,2,0
142644910,0,8937384,8950355,26.11,1900,2,0
142644910,0,8938715,8950355,26.11,100,2,0
142644910,0,8948986,8950355,26.11,500,2,0
142644910,0,8024197,8950355,26.1,500,2,0
142644910,0,8145029,8950355,26.1,200,2,0
142644910,0,8292406,8950355,26.1,300,2,0
142648240,0,8952308,8950990,26.11,400,1,0
142648240,0,8952316,8950990,26.11,100,1,0
142648380,0,8952316,8952350,26.11,100,2,0
142652840,0,8334385,8954950,26.1,100,2,0
142652840,0,8449930,8954950,26.1,400,2,0
142652840,0,8464750,8954950,26.1,1000,2,0
142652840,0,8475881,8954950,26.1,100,2,0
142652840,0,8491066,8954950,26.1,1500,2,0
142652840,0,8501817,8954950,26.1,400,2,0
142652840,0,8523765,8954950,26.1,500,2,0
142652840,0,8523829,8954950,26.1,100,2,0
142652840,0,8525023,8954950,26.1,1000,2,0
142652840,0,8529122,8954950,26.1,10000,2,0
142652840,0,8533386,8954950,26.1,500,2,0
142652840,0,8533986,8954950,26.1,200,2,0
142652840,0,8547711,8954950,26.1,100,2,0
142652840,0,8560630,8954950,26.1,700,2,0
142654160,0,8955683,8945636,26.12,200,1,0
142655870,0,8955016,8956539,26.11,200,2,0
142656110,0,8955016,8956656,26.11,500,2,0
142656110,0,8560630,8956656,26.1,1300,2,0
142656110,0,8565095,8956656,26.1,300,2,0
142656110,0,8573664,8956656,26.1,500,2,0
142656110,0,8574681,8956656,26.1,100,2,0
142656110,0,8577343,8956656,26.1,500,2,0
142656110,0,8577419,8956656,26.1,200,2,0
142656110,0,8578052,8956656,26.1,300,2,0
142656110,0,8592853,8956656,26.1,100,2,0
142656110,0,8599149,8956656,26.1,100,2,0
142656110,0,8602700,8956656,26.1,200,2,0
142656110,0,8613388,8956656,26.1,500,2,0
142656110,0,8616257,8956656,26.1,300,2,0
142656110,0,8617157,8956656,26.1,200,2,0
142656110,0,8618877,8956656,26.1,500,2,0
142656110,0,8621446,8956656,26.1,500,2,0
142656110,0,8628145,8956656,26.1,100,2,0
142656110,0,8631423,8956656,26.1,1000,2,0
142656110,0,8648197,8956656,26.1,500,2,0
142656460,0,8648197,8956876,26.1,2000,2,0
142658100,0,8957757,8956859,26.11,300,1,0
142658950,0,8958234,8956859,26.11,1100,1,0
142658980,0,8958250,8956859,26.11,1600,1,0
142659030,0,8958250,8958271,26.11,600,2,0
142659190,0,8958333,8945636,26.12,100,1,0
142659190,0,8958333,8947829,26.12,100,1,0
142700010,0,8958250,8958724,26.11,800,2,0
142700320,0,8958250,8958920,26.11,500,2,0
142706230,0,8958250,8962874,26.11,1300,2,0
142711460,0,8958250,8966502,26.11,800,2,0
142714430,0,8958250,8968749,26.11,100,2,0
142729200,0,8977782,8954466,26.12,600,1,0
142729940,0,8962612,8978211,26.11,300,2,0
142730650,0,8978735,8963844,26.12,200,1,0
142731330,0,8964722,8979149,26.11,1000,2,0
142739340,0,8982304,8983780,26.11,100,2,0
142740500,0,8983984,8984433,26.11,500,2,0
142744700,0,8674657,8986821,26.1,200,2,0
142745280,0,8682452,8987146,26.1,100,2,0
142751890,0,8991144,8963844,26.12,800,1,0
142755520,0,8993372,8963844,26.12,200,1,0
142756240,0,8712903,8993823,26.1,200,2,0
142756240,0,8732409,8993823,26.1,300,2,0
142756240,0,8739762,8993823,26.1,100,2,0
142757400,0,8743066,8994585,26.1,100,2,0
142757430,0,8994612,8963844,26.12,400,1,0
142757430,0,8743066,8994615,26.1,100,2,0
142757450,0,8743066,8994621,26.1,300,2,0
142757450,0,8747340,8994621,26.1,100,2,0
142757450,0,8763487,8994621,26.1,100,2,0
142757450,0,8763487,8994622,26.1,100,2,0
142757450,0,8780474,8994622,26.1,400,2,0
142757850,0,8780474,8994851,26.1,100,2,0
142757890,0,8780474,8994886,26.1,100,2,0
142759950,0,8789909,8995916,26.1,300,2,0
142803660,0,8996484,8998314,26.11,100,2,0
142803890,0,8996484,8998469,26.11,100,2,0
142803950,0,8996484,8998496,26.11,100,2,0
142803950,0,8997302,8998496,26.11,200,2,0
142803950,0,8789909,8998496,26.1,2800,2,0
142803950,0,8798560,8998496,26.1,1000,2,0
142803950,0,8803437,8998496,26.1,200,2,0
142803950,0,8808331,8998496,26.1,300,2,0
142803950,0,8827057,8998496,26.1,500,2,0
142803950,0,8830759,8998496,26.1,100,2,0
142803950,0,8834567,8998496,26.1,500,2,0
142803950,0,8843793,8998496,26.1,1000,2,0
142803950,0,8847571,8998496,26.1,400,2,0
142803950,0,8849803,8998496,26.1,500,2,0
142803950,0,8899950,8998496,26.1,600,2,0
142803950,0,8920605,8998496,26.1,200,2,0
142803950,0,8923051,8998496,26.1,100,2,0
142803950,0,8930424,8998496,26.1,300,2,0
142803950,0,8941679,8998496,26.1,1100,2,0
142803950,0,8947288,8998496,26.1,5000,2,0
142803950,0,8957789,8998496,26.1,500,2,0
142803950,0,8960730,8998496,26.1,100,2,0
142803950,0,8961348,8998496,26.1,100,2,0
142803950,0,8963454,8998496,26.1,100,2,0
142803950,0,8968093,8998496,26.1,200,2,0
142803950,0,8969583,8998496,26.1,400,2,0
142803950,0,8972401,8998496,26.1,900,2,0
142803950,0,8976106,8998496,26.1,300,2,0
142804130,0,8976106,8998610,26.1,200,2,0
142804130,0,8977594,8998610,26.1,1000,2,0
142805720,0,8995284,8999658,26.1,200,2,0
142805720,0,8995436,8999658,26.1,100,2,0
142805720,0,8996192,8999658,26.1,900,2,0
142815180,0,9002139,9005506,26.1,700,2,0
142815820,0,9004796,9005951,26.1,100,2,0
142817430,0,9006909,9005951,26.1,1000,1,0
142820430,0,350991,9008626,26.09,400,2,0
142820430,0,7381249,9008626,26.09,700,2,0
142820430,0,8456912,9008626,26.09,800,2,0
142820690,0,9008748,9005951,26.1,400,1,0
142820690,0,9008748,9006603,26.1,200,1,0
142823820,0,8465385,9010568,26.09,200,2,0
142825110,0,8472097,9011348,26.09,500,2,0
142825110,0,8505462,9011348,26.09,5700,2,0
142827220,0,8505462,9012682,26.09,100,2,0
142827220,0,8508816,9012682,26.09,100,2,0
142827220,0,8746687,9012682,26.09,400,2,0
142827220,0,8765180,9012682,26.09,100,2,0
142827220,0,8765615,9012682,26.09,1000,2,0
142827220,0,8808885,9012682,26.09,100,2,0
142827220,0,8809723,9012682,26.09,600,2,0
142827220,0,8955700,9012682,26.09,1500,2,0
142828610,0,8955700,9013396,26.09,3000,2,0
142828610,0,8955771,9013396,26.09,600,2,0
142828610,0,9007372,9013396,26.09,900,2,0
142828610,0,82470,9013396,26.08,200,2,0
142828610,0,111633,9013396,26.08,500,2,0
142828610,0,878141,9013396,26.08,1000,2,0
142828610,0,7107685,9013396,26.08,1000,2,0
142828610,0,7121703,9013396,26.08,500,2,0
142828610,0,7719492,9013396,26.08,200,2,0
142828610,0,7841206,9013396,26.08,100,2,0
142828610,0,7848189,9013396,26.08,400,2,0
142828610,0,7889906,9013396,26.08,100,2,0
142828610,0,8256150,9013396,26.08,100,2,0
142828610,0,8305627,9013396,26.08,500,2,0
142828610,0,8459301,9013396,26.08,1000,2,0
142828610,0,8482086,9013396,26.08,100,2,0
142828610,0,8504296,9013396,26.08,100,2,0
142828610,0,8513936,9013396,26.08,300,2,0
142828610,0,8524300,9013396,26.08,100,2,0
142828610,0,8567856,9013396,26.08,200,2,0
142828610,0,8586715,9013396,26.08,600,2,0
142828610,0,8603009,9013396,26.08,500,2,0
142828610,0,8632258,9013396,26.08,300,2,0
142831210,0,9014770,9014130,26.09,200,1,0
142831210,0,9014770,9014443,26.09,300,1,0
142836490,0,8642086,9017991,26.08,500,2,0
142836490,0,8717530,9017991,26.08,100,2,0
142836490,0,8773955,9017991,26.08,200,2,0
142836490,0,8779601,9017991,26.08,2000,2,0
142836490,0,8821244,9017991,26.08,500,2,0
142836490,0,8844476,9017991,26.08,100,2,0
142836490,0,8908600,9017991,26.08,1400,2,0
142836490,0,8969892,9017991,26.08,3800,2,0
142836490,0,8971590,9017991,26.08,100,2,0
142836490,0,9012393,9017991,26.08,500,2,0
142836490,0,9014200,9017991,26.08,4600,2,0
142836490,0,9014388,9017991,26.08,500,2,0
142836490,0,9017726,9017991,26.08,400,2,0
142836790,0,9018173,9017991,26.08,200,1,0
142836950,0,8570855,9018271,26.07,1000,2,0
142842060,0,9021511,9017991,26.08,100,1,0
142842740,0,9021990,9017991,26.08,300,1,0
142844760,0,9020552,9023224,26.07,4600,2,0
142844760,0,7508027,9023224,26.06,100,2,0
142844760,0,7918330,9023224,26.06,200,2,0
142844760,0,8634720,9023224,26.06,600,2,0
142847260,0,8976282,9024663,26.06,100,2,0
142848380,0,9023616,9025391,26.06,100,2,0
142852250,0,9024169,9027759,26.06,400,2,0
142852250,0,9024186,9027759,26.06,100,2,0
142857660,0,9024186,9031016,26.06,500,2,0
142858660,0,9024186,9031540,26.06,1800,2,0
142859240,0,9027175,9031871,26.06,200,2,0
142900740,0,9032815,9031871,26.06,100,1,0
142904820,0,9035271,9034528,26.06,100,1,0
142906370,0,9036204,9034528,26.06,200,1,0
142906410,0,9036222,9034528,26.06,1000,1,0
142907410,0,9036762,9034528,26.06,300,1,0
142907610,0,5969971,9036872,26.05,1000,2,0
142907610,0,7977632,9036872,26.05,100,2,0
142907610,0,8369160,9036872,26.05,100,2,0
142907610,0,8775085,9036872,26.05,5000,2,0
142907610,0,8934232,9036872,26.05,400,2,0
142907610,0,9009089,9036872,26.05,1200,2,0
142907610,0,9013203,9036872,26.05,1000,2,0
142907610,0,9020356,9036872,26.05,300,2,0
142907610,0,9028628,9036872,26.05,600,2,0
142907610,0,9032100,9036872,26.05,100,2,0
142907610,0,9033755,9036872,26.05,4600,2,0
142907610,0,9035036,9036872,26.05,100,2,0
142907610,0,9035958,9036872,26.05,400,2,0
142907870,0,9037098,9036872,26.05,100,1,0
142909490,0,9038253,9036872,26.05,100,1,0
142911090,0,9039379,9036872,26.05,100,1,0
142914370,0,9041524,9040815,26.05,100,1,0
142915100,0,9042088,9041281,26.05,100,1,0
142915100,0,9042089,9041281,26.05,100,1,0
142915840,0,9042313,9042672,26.05,100,2,0
142916590,0,9042319,9043232,26.05,100,2,0
142917180,0,9043385,9043623,26.05,100,2,0
142917180,0,6154483,9043623,26.04,100,2,0
142917530,0,6154483,9043863,26.04,200,2,0
142918570,0,7050912,9044606,26.04,100,2,0
142920210,0,9028942,9045645,26.04,100,2,0
142920240,0,9040000,9045657,26.04,500,2,0
142920770,0,82471,9046002,26.03,200,2,0
142922700,0,9047212,9045657,26.04,200,1,0
142924360,0,9048364,9045657,26.04,5000,1,0
142924670,0,5148345,9048560,26.03,100,2,0
142924670,0,5516179,9048560,26.03,200,2,0
142925030,0,9048818,9045657,26.04,300,1,0
142925080,0,9048842,9045657,26.04,300,1,0
142927370,0,9050256,9047862,26.04,9000,1,0
142927420,0,9050283,9047862,26.04,100,1,0
142927500,0,9050345,9047862,26.04,100,1,0
142927930,0,9050570,9049309,26.04,300,1,0
142927930,0,9050571,9049309,26.04,200,1,0
142928100,0,5741481,9050643,26.03,200,2,0
142928100,0,7721718,9050643,26.03,300,2,0
142928140,0,9050680,9049309,26.04,100,1,0
142928140,0,9050680,9050439,26.04,100,1,0
142929280,0,9051007,9051492,26.04,400,2,0
142930440,0,9051833,9052189,26.04,400,2,0
142932730,0,9052024,9053642,26.04,1700,2,0
142932730,0,9052150,9053642,26.04,800,2,0
142938780,0,9053771,9057941,26.05,600,2,0
142939350,0,9053771,9058373,26.05,200,2,0
142942050,0,9060040,9034528,26.06,700,1,0
142942050,0,9060040,9046766,26.06,900,1,0
142942050,0,9060040,9058451,26.06,100,1,0
142949200,0,9060040,9064613,26.06,2500,2,0
142949200,0,9061224,9064613,26.06,200,2,0
142949200,0,9062599,9064613,26.06,300,2,0
142949200,0,9063955,9064613,26.06,500,2,0
142949200,0,9064249,9064613,26.06,200,2,0
142949200,0,9064529,9064613,26.06,100,2,0
142949210,0,9064621,9064613,26.06,1700,1,0
142953390,0,9067607,9064613,26.06,1400,1,0
142953390,0,9067608,9064613,26.06,1300,1,0
142953390,0,9067609,9064613,26.06,700,1,0
142953390,0,9067609,9065425,26.06,400,1,0
142953390,0,9067610,9065425,26.06,900,1,0
142953400,0,9067611,9065425,26.06,100,1,0
142953400,0,9067611,9066143,26.06,100,1,0
142953400,0,9067611,9066684,26.06,300,1,0
142953850,0,9067931,9027524,26.07,200,1,0
142954880,0,9068597,9064197,26.07,2400,1,0
142955510,0,9067611,9069002,26.06,200,2,0
142955510,0,9068645,9069002,26.06,200,2,0
142955510,0,9053771,9069002,26.05,100,2,0
142956560,0,9069114,9069782,26.06,400,2,0
142956690,0,9069861,9017991,26.08,800,1,0
142958080,0,9071197,9017991,26.08,1500,1,0
143001720,0,9075409,9017991,26.08,800,1,0
143002340,0,9076015,9017991,26.08,300,1,0
143003290,0,9074462,9077115,26.07,100,2,0
143003630,0,9077641,9077737,26.07,200,2,0
143003770,0,9077884,9077968,26.07,100,2,0
143003770,0,9077923,9077968,26.07,100,2,0
143003770,0,9077927,9077968,26.07,100,2,0
143003770,0,9069347,9077968,26.06,900,2,0
143003870,0,9069347,9078131,26.06,800,2,0
143003930,0,9077023,9078308,26.06,100,2,0
143004110,0,9078610,9078308,26.06,100,1,0
143004130,0,9078693,9078308,26.06,100,1,0
143004130,0,9078697,9078308,26.06,2000,1,0
143004130,0,9078698,9078308,26.06,2600,1,0
143004160,0,9078703,9078308,26.06,1100,1,0
143004160,0,9078704,9078308,26.06,400,1,0
143004160,0,9078710,9078308,26.06,400,1,0
143004270,0,9078873,9078308,26.06,300,1,0
143004330,0,9078999,9078308,26.06,200,1,0
143004350,0,9079088,9078308,26.06,1600,1,0
143004370,0,9079088,9079105,26.06,1000,2,0
143004370,0,9079115,9017991,26.08,600,1,0
143005430,0,9081565,9017991,26.08,100,1,0
143006230,0,9083066,9017991,26.08,100,1,0
143006270,0,9083152,9017991,26.08,100,1,0
143006350,0,9083292,9017991,26.08,4000,1,0
143006350,0,9083292,9019542,26.08,1000,1,0
143006350,0,9083292,9020333,26.08,300,1,0
143006350,0,9083292,9022077,26.08,100,1,0
143006350,0,9083292,9022464,26.08,400,1,0
143006350,0,9083292,9080784,26.08,100,1,0
143006780,0,9083292,9084029,26.08,200,2,0
143006780,0,9083312,9084029,26.08,100,2,0
143006780,0,9083962,9084029,26.08,300,2,0
143006860,0,9084131,9074297,26.09,100,1,0
143012960,0,9089634,9092913,26.09,100,2,0
143014190,0,9094482,9094257,26.09,100,1,0
143014210,0,9094509,9094257,26.09,100,1,0
143014340,0,9094673,9094257,26.09,100,1,0
143015170,0,9095740,9094969,26.1,100,1,0
143016250,0,9097276,9094969,26.1,100,1,0
143016780,0,9095835,9097983,26.09,100,2,0
143016780,0,9097756,9097983,26.09,100,2,0
143018860,0,9100395,9097983,26.09,200,1,0
143018880,0,9100398,9097983,26.09,200,1,0
143018880,0,9100399,9097983,26.09,100,1,0
143018880,0,9100400,9098467,26.09,200,1,0
143023180,0,9104916,9103785,26.09,800,1,0
143023840,0,9105504,9100847,26.1,400,1,0
143023840,0,9105504,9105260,26.1,100,1,0
143023840,0,9105504,9005064,26.11,1100,1,0
143029450,0,9107964,9109881,26.1,100,2,0
143029450,0,9108428,9109881,26.1,1000,2,0
143031510,0,9111442,9014859,26.11,100,1,0
143038340,0,9116519,9014859,26.11,100,1,0
143039770,0,9117670,9110759,26.11,100,1,0
143040710,0,9118487,9113235,26.11,100,1,0
143041910,0,9119404,9113235,26.11,100,1,0
143044700,0,9114697,9121655,26.1,900,2,0
143044700,0,9118545,9121655,26.1,200,2,0
143045640,0,9122356,9121655,26.1,100,1,0
143046380,0,9122945,9121655,26.1,3000,1,0
143048070,0,9124295,9121655,26.1,1000,1,0
143048370,0,9124545,9121655,26.1,1000,1,0
143051390,0,9126929,9126658,26.08,100,1,0
143051390,0,9126937,9126658,26.08,100,1,0
143051390,0,9126938,9126658,26.08,100,1,0
143051390,0,9126942,9126658,26.08,100,1,0
143052860,0,9128056,9126658,26.08,300,1,0
143052880,0,9128071,9126658,26.08,300,1,0
143052920,0,9128104,9126658,26.08,100,1,0
143052920,0,9128105,9126658,26.08,200,1,0
143052920,0,9128106,9126658,26.08,100,1,0
143053300,0,9128467,9126658,26.08,5200,1,0
143053470,0,9128579,9126658,26.08,100,1,0
143056800,0,9131025,9121655,26.1,2000,1,0
143058880,0,9132664,9132398,26.09,2000,1,0
143059760,0,9130104,9133432,26.08,100,2,0
143100040,0,9133650,9123420,26.1,300,1,0
143103980,0,9136733,9133847,26.09,100,1,0
143104860,0,9137609,9133847,26.09,800,1,0
143104860,0,9137609,9134260,26.09,200,1,0
143105260,0,9137988,9123437,26.1,200,1,0
143105440,0,9137620,9138164,26.09,100,2,0
143105830,0,9137620,9138593,26.09,500,2,0
143110300,0,9142949,9128955,26.1,100,1,0
143110640,0,9143215,9128955,26.1,5000,1,0
143111810,0,9144046,9128955,26.1,200,1,0
143113450,0,9138834,9145310,26.09,1800,2,0
143113740,0,9145545,9128955,26.1,400,1,0
143118920,0,9149516,9128955,26.1,500,1,0
143125110,0,9155790,9128955,26.1,300,1,0
143128310,0,9158848,9128955,26.1,500,1,0
143128360,0,9158909,9128955,26.1,100,1,0
143128650,0,9159195,9128955,26.1,100,1,0
143130180,0,9160490,9128955,26.1,1000,1,0
143131550,0,9161704,9139354,26.1,400,1,0
143131570,0,9161719,9139354,26.1,400,1,0
143131590,0,9161737,9143725,26.1,1500,1,0
143132340,0,9162408,9126965,26.11,700,1,0
143133390,0,9161801,9163171,26.1,100,2,0
143133390,0,9161804,9163171,26.1,100,2,0
143133390,0,9161816,9163171,26.1,200,2,0
143133390,0,9161842,9163171,26.1,1200,2,0
143133390,0,9161865,9163171,26.1,400,2,0
143134050,0,9161865,9163693,26.1,500,2,0
143134330,0,9161865,9163882,26.1,4600,2,0
143134520,0,9164027,9126965,26.11,100,1,0
143137500,0,9166184,9126965,26.11,700,1,0
143137550,0,9166203,9166205,26.11,100,2,0
143137600,0,9166203,9166227,26.11,500,2,0
143137600,0,9166204,9166227,26.11,700,2,0
143137600,0,9161865,9166227,26.1,500,2,0
143142050,0,9166456,9169794,26.11,100,2,0
143142710,0,9170290,9169794,26.11,400,1,0
143145850,0,9171017,9172740,26.11,500,2,0
143145850,0,9171599,9172740,26.11,300,2,0
143145850,0,9161865,9172740,26.1,1200,2,0
143148760,0,9164462,9175296,26.1,500,2,0
143152600,0,9178202,9175296,26.1,100,1,0
143152680,0,9178285,9175895,26.1,1500,1,0
143152680,0,9143843,9178298,26.09,700,2,0
143153090,0,9178534,9175895,26.1,1000,1,0
143154450,0,9179395,9175895,26.1,900,1,0
143157680,0,9143843,9182019,26.09,400,2,0
143159310,0,9182996,9183139,26.1,400,2,0
143206890,0,9182996,9188821,26.1,200,2,0
143207920,0,9189568,9182419,26.11,2000,1,0
143208180,0,9189786,9182746,26.11,800,1,0
143208530,0,9190043,9189862,26.11,100,1,0
143208710,0,9183596,9190167,26.1,100,2,0
143210860,0,9188092,9191614,26.1,100,2,0
143216410,0,9195388,9194226,26.11,200,1,0
143219720,0,9190108,9197523,26.1,600,2,0
143222530,0,9190108,9199159,26.1,100,2,0
143223200,0,9190108,9199529,26.1,4200,2,0
143223200,0,9195493,9199529,26.1,600,2,0
143223620,0,9199819,9199525,26.11,400,1,0
143224600,0,9200472,8963844,26.12,100,1,0
143224820,0,9199819,9200606,26.11,300,2,0
143228920,0,9199819,9203586,26.11,400,2,0
143229210,0,9199819,9203823,26.11,100,2,0
143230810,0,9199819,9205230,26.11,600,2,0
143230820,0,9199819,9205232,26.11,600,2,0
143231390,0,9205814,8963844,26.12,1000,1,0
143232150,0,9199819,9206411,26.11,800,2,0
143232150,0,9199819,9206413,26.11,100,2,0
143232160,0,9199819,9206426,26.11,800,2,0
143232250,0,9200111,9206495,26.11,300,2,0
143232250,0,9205081,9206495,26.11,400,2,0
143232570,0,9205081,9206794,26.11,400,2,0
143233280,0,9205081,9207406,26.11,500,2,0
143233280,0,9205081,9207414,26.11,300,2,0
143234150,0,9208050,9207716,26.11,400,1,0
143234720,0,9208050,9208651,26.11,100,2,0
143234780,0,9208050,9208686,26.11,300,2,0
143235160,0,9208050,9209034,26.11,100,2,0
143235480,0,9209404,9209034,26.11,100,1,0
143235480,0,9209404,9209036,26.11,100,1,0
143236750,0,9210631,9209044,26.11,1100,1,0
143236750,0,9210631,9209059,26.11,100,1,0
143236750,0,9210631,9209060,26.11,100,1,0
143236750,0,9210631,9209061,26.11,100,1,0
143236750,0,9210631,9209071,26.11,100,1,0
143236750,0,9210631,9209261,26.11,300,1,0
143236750,0,9210631,8963844,26.12,4800,1,0
143236750,0,9210631,9171515,26.12,1000,1,0
143236750,0,9210631,9174150,26.12,100,1,0
143236750,0,9210631,9202146,26.12,300,1,0
143236750,0,9210631,9202694,26.12,900,1,0
143236750,0,9210631,9209158,26.12,200,1,0
143236980,0,9210631,9210840,26.12,600,2,0
143236980,0,9197738,9210840,26.1,100,2,0
143236980,0,9200870,9210840,26.1,1000,2,0
143236980,0,9210305,9210840,26.1,100,2,0
143238190,0,9148424,9212205,26.09,600,2,0
143238950,0,9213031,9210840,26.1,300,1,0
143238950,0,9213031,9211971,26.11,600,1,0
143239200,0,9162473,9213399,26.09,200,2,0
143239660,0,9162473,9213872,26.09,100,2,0
143240640,0,9162473,9214980,26.09,100,2,0
143243390,0,9216727,9217223,26.1,200,2,0
143243560,0,9216727,9217342,26.1,100,2,0
143243560,0,9162473,9217342,26.09,100,2,0
143244350,0,9162473,9217967,26.09,500,2,0
143244350,0,9166294,9217967,26.09,100,2,0
143244350,0,9167312,9217967,26.09,1000,2,0
143244350,0,9168920,9217967,26.09,400,2,0
143244670,0,9168920,9218251,26.09,600,2,0
143244980,0,9179479,9218509,26.09,200,2,0
143244980,0,9180550,9218509,26.09,200,2,0
143244980,0,9181343,9218509,26.09,200,2,0
143244980,0,9182801,9218509,26.09,400,2,0
143244980,0,9186578,9218509,26.09,2000,2,0
143244980,0,9191200,9218509,26.09,100,2,0
143244980,0,9192162,9218509,26.09,200,2,0
143244980,0,9200643,9218509,26.09,1200,2,0
143244980,0,9203270,9218509,26.09,900,2,0
143244980,0,9217326,9218509,26.09,900,2,0
143244980,0,9136457,9218509,26.08,4000,2,0
143244980,0,9160093,9218509,26.08,1200,2,0
143244980,0,9165518,9218509,26.08,200,2,0
143244980,0,9167029,9218509,26.08,100,2,0
143244980,0,9185793,9218509,26.08,100,2,0
143244980,0,9189487,9218509,26.08,300,2,0
143244980,0,9191564,9218509,26.08,500,2,0
143244980,0,9206098,9218509,26.08,300,2,0
143249250,0,9221786,9222309,26.1,300,2,0
143250100,0,9221786,9223089,26.1,100,2,0
143250170,0,9206098,9223194,26.08,700,2,0
143250170,0,9214812,9223194,26.08,300,2,0
143250170,0,9214812,9223196,26.08,600,2,0
143250170,0,9216363,9223196,26.08,500,2,0
143254430,0,9227269,9223670,26.1,100,1,0
143254430,0,9227269,9213354,26.11,400,1,0
143255330,0,9223407,9228011,26.09,300,2,0
143255330,0,9225119,9228011,26.09,600,2,0
143256160,0,9225119,9228715,26.09,300,2,0
143257100,0,9229618,9228207,26.1,500,1,0
143301950,0,9225119,9233556,26.09,300,2,0
143304850,0,9235905,9228769,26.1,100,1,0
143307180,0,9234335,9237829,26.09,100,2,0
143307190,0,9234335,9237840,26.09,300,2,0
143307190,0,9234578,9237840,26.09,200,2,0
143308000,0,9234578,9238402,26.09,900,2,0
143308120,0,9234578,9238488,26.09,900,2,0
143315270,0,9224919,9243750,26.08,400,2,0
143315270,0,9230707,9243750,26.08,300,2,0
143315270,0,9232367,9243750,26.08,100,2,0
143319810,0,9244787,9246535,26.09,100,2,0
143319870,0,9244787,9246569,26.09,200,2,0
143319920,0,9246553,9246598,26.09,200,2,0
143320670,0,9233617,9247087,26.08,200,2,0
143325490,0,9250289,9248637,26.09,100,1,0
143330050,0,9245967,9253403,26.08,300,2,0
143331190,0,9254489,9250468,26.09,400,1,0
143333570,0,9256301,9250468,26.09,300,1,0
143333570,0,9256301,9252414,26.09,200,1,0
143343600,0,9261044,9263378,26.09,100,2,0
143343600,0,9261821,9263378,26.09,300,2,0
143350150,0,9267035,9267369,26.1,100,2,0
143358060,0,9246883,9271979,26.08,600,2,0
143358060,0,9263002,9271979,26.08,3400,2,0
143358060,0,9263521,9271979,26.08,500,2,0
143358060,0,9264674,9271979,26.08,200,2,0
143358060,0,9268226,9271979,26.08,100,2,0
143358060,0,9269544,9271979,26.08,1000,2,0
143358250,0,9272125,9233178,26.11,800,1,0
143400200,0,9273584,9233178,26.11,1600,1,0
143408900,0,9275876,9279779,26.11,900,2,0
143411780,0,9281917,9281550,26.12,100,1,0
143411780,0,9281917,9131974,26.13,5100,1,0
143415020,0,9282093,9284377,26.12,400,2,0
143427240,0,9291286,9200120,26.13,1000,1,0
143430200,0,9292918,9231646,26.13,100,1,0
143433800,0,9295173,9231646,26.13,800,1,0
143441760,0,9299966,9231646,26.13,2600,1,0
143441880,0,9300021,9231646,26.13,1800,1,0
143445410,0,9301993,9272877,26.13,1300,1,0
143450260,0,9282093,9305146,26.12,2500,2,0
143450800,0,9305433,9272877,26.13,500,1,0
143452920,0,9306568,9272877,26.13,200,1,0
143453370,0,9306857,9272877,26.13,6800,1,0
143503230,0,9282093,9312538,26.12,100,2,0
143506590,0,9282093,9315143,26.12,6000,2,0
143507950,0,9316134,9272877,26.13,200,1,0
143510090,0,9317641,9298303,26.13,200,1,0
143510090,0,9317641,9306940,26.13,100,1,0
143512540,0,9319448,9313106,26.13,1500,1,0
143517980,0,9282093,9323937,26.12,12100,2,0
143517980,0,9284080,9323937,26.12,200,2,0
143517980,0,9287395,9323937,26.12,400,2,0
143517980,0,9289033,9323937,26.12,2000,2,0
143517980,0,9291956,9323937,26.12,200,2,0
143517980,0,9294158,9323937,26.12,300,2,0
143517980,0,9297055,9323937,26.12,4100,2,0
143518400,0,9297055,9324339,26.12,7100,2,0
143518900,0,9297055,9324750,26.12,2000,2,0
143518900,0,9297055,9324753,26.12,3100,2,0
143518900,0,9300297,9324753,26.12,2000,2,0
143518900,0,9304251,9324753,26.12,200,2,0
143518900,0,9306595,9324753,26.12,500,2,0
143518900,0,9315120,9324753,26.12,1000,2,0
143518900,0,9316332,9324753,26.12,100,2,0
143518900,0,9317124,9324753,26.12,200,2,0
143519050,0,9324855,9317261,26.13,200,1,0
143519760,0,9318589,9325375,26.12,100,2,0
143521510,0,9325275,9326573,26.12,100,2,0
143528890,0,9282979,9331854,26.11,500,2,0
143531550,0,9282979,9333672,26.11,800,2,0
143535970,0,9282979,9336553,26.11,200,2,0
143545770,0,9290101,9342125,26.11,400,2,0
143549630,0,9304198,9344497,26.11,600,2,0
143550640,0,9345166,9341391,26.12,400,1,0
143553200,0,9346376,9343311,26.12,300,1,0
143556250,0,9346376,9348056,26.12,100,2,0
143556740,0,9346376,9348263,26.12,100,2,0
143556740,0,9308317,9348263,26.11,800,2,0
143556740,0,9314839,9348263,26.11,900,2,0
143556740,0,9332444,9348263,26.11,300,2,0
143556740,0,9334382,9348263,26.11,100,2,0
143556740,0,9344033,9348263,26.11,1000,2,0
143556740,0,9347698,9348263,26.11,400,2,0
143556740,0,9272687,9348263,26.1,500,2,0
143556740,0,9274452,9348263,26.1,100,2,0
143556740,0,9275267,9348263,26.1,1800,2,0
143556740,0,9278874,9348263,26.1,600,2,0
143556740,0,9283521,9348263,26.1,500,2,0
143556740,0,9283836,9348263,26.1,1000,2,0
143556740,0,9298030,9348263,26.1,100,2,0
143556740,0,9308223,9348263,26.1,1200,2,0
143556740,0,9324756,9348263,26.1,300,2,0
143556740,0,9325590,9348263,26.1,500,2,0
143556740,0,9331842,9348263,26.1,3000,2,0
143556740,0,9334595,9348263,26.1,200,2,0
143556740,0,9345007,9348263,26.1,6100,2,0
143556740,0,9348266,9348263,26.1,2100,1,0
143557420,0,9348266,9348601,26.12,5100,2,0
143604290,0,9352071,9352468,26.12,800,2,0
143607610,0,9354954,9352468,26.12,2400,1,0
143607610,0,9354954,9354590,26.12,400,1,0
143607920,0,9355183,9354590,26.12,200,1,0
143607920,0,9355183,9321924,26.13,700,1,0
143608220,0,9355523,9321924,26.13,100,1,0
143609850,0,9357001,9356623,26.12,700,1,0
143620810,0,9366092,9367205,26.12,300,2,0
143621960,0,9367501,9368014,26.11,100,2,0
143625330,0,9370033,9369572,26.11,200,1,0
143626160,0,9370524,9369572,26.11,100,1,0
143626370,0,9370689,9369572,26.11,100,1,0
143630130,0,9373415,9371148,26.12,1000,1,0
143630130,0,9373415,9371549,26.12,200,1,0
143637130,0,9378106,9371549,26.12,400,1,0
143639560,0,9379627,9379762,26.11,100,2,0
143639940,0,9379627,9379963,26.11,500,2,0
143641270,0,9380665,9371549,26.12,400,1,0
143644170,0,9382160,9374703,26.12,100,1,0
143655880,0,9388956,9382195,26.12,800,1,0
143703430,0,9392672,9393333,26.12,100,2,0
143712700,0,9392672,9398663,26.12,100,2,0
143712700,0,9395485,9398663,26.12,300,2,0
143733200,0,9404566,9410462,26.12,500,2,0
143736100,0,9410664,9412164,26.12,400,2,0
143747930,0,9418953,9321924,26.13,100,1,0
143802710,0,9420286,9426508,26.12,100,2,0
143812460,0,9432219,9321924,26.13,400,1,0
143814220,0,9424640,9433105,26.12,600,2,0
143816570,0,9434422,9321924,26.13,400,1,0
143819960,0,9436243,9321924,26.13,500,1,0
143821210,0,9380606,9436889,26.11,100,2,0
143835140,0,9441372,9444165,26.12,1300,2,0
143836480,0,9444916,9444165,26.12,1700,1,0
143844630,0,9444916,9449623,26.12,200,2,0
143856380,0,9449838,9456026,26.12,500,2,0
143905230,0,9452545,9460868,26.12,700,2,0
143905520,0,9461022,9321924,26.13,200,1,0
143918230,0,9457471,9468239,26.12,100,2,0
143922030,0,9457471,9470297,26.12,100,2,0
143922030,0,9462565,9470297,26.12,300,2,0
143922030,0,9464217,9470297,26.12,500,2,0
143922030,0,9465186,9470297,26.12,200,2,0
143922030,0,9467413,9470297,26.12,2800,2,0
143923120,0,9467413,9470958,26.12,1200,2,0
143928970,0,9474123,9321924,26.13,1000,1,0
143934600,0,9469559,9477175,26.12,400,2,0
143934600,0,9475139,9477175,26.12,1400,2,0
143936240,0,9478040,9321924,26.13,100,1,0
143936500,0,9477008,9478177,26.12,200,2,0
143936880,0,9478373,9478294,26.12,100,1,0
143943780,0,9479584,9482145,26.12,100,2,0
143948290,0,9380606,9484826,26.11,100,2,0
143948320,0,9380606,9484846,26.11,200,2,0
144001160,0,9492431,9488531,26.12,200,1,0
144001160,0,9492431,9489599,26.12,100,1,0
144001710,0,9492834,9489599,26.12,100,1,0
144001710,0,9492835,9489599,26.12,100,1,0
144001710,0,9492836,9491039,26.12,100,1,0
144002490,0,9493145,9493459,26.12,100,2,0
144002890,0,9493731,9329495,26.13,200,1,0
144003310,0,9493145,9494117,26.12,200,2,0
144006330,0,9493145,9497079,26.12,1000,2,0
144007610,0,9493145,9498256,26.12,1000,2,0
144007650,0,9493145,9498297,26.12,700,2,0
144007650,0,9494791,9498297,26.12,400,2,0
144007850,0,9497690,9498519,26.12,400,2,0
144015670,0,9380606,9505692,26.11,200,2,0
144015880,0,9380606,9505873,26.11,200,2,0
144017740,0,9380606,9507348,26.11,200,2,0
144017740,0,9383166,9507348,26.11,200,2,0
144018580,0,9383166,9508039,26.11,1800,2,0
144019470,0,9396137,9508607,26.11,400,2,0
144021160,0,9509784,9498519,26.12,400,1,0
144021160,0,9509784,9501017,26.12,500,1,0
144021160,0,9509784,9506990,26.12,1000,1,0
144021160,0,9509784,9508991,26.12,400,1,0
144021910,0,9509784,9510334,26.12,100,2,0
144021910,0,9405521,9510334,26.11,100,2,0
144021910,0,9406987,9510334,26.11,200,2,0
144023470,0,9425238,9511543,26.11,1000,2,0
144024550,0,9425359,9512311,26.11,600,2,0
144024550,0,9446746,9512311,26.11,100,2,0
144024900,0,9362777,9512531,26.1,200,2,0
144025770,0,9513183,9512311,26.11,4900,1,0
144025770,0,9513183,9513174,26.11,200,1,0
144025770,0,9513183,9512194,26.12,1000,1,0
144025770,0,9513183,9512264,26.12,300,1,0
144025770,0,9513183,9512537,26.12,100,1,0
144029910,0,9515480,9516308,26.11,400,2,0
144029910,0,9362777,9516308,26.1,2300,2,0
144029910,0,9371513,9516308,26.1,200,2,0
144029910,0,9374513,9516308,26.1,300,2,0
144029910,0,9375085,9516308,26.1,1100,2,0
144029910,0,9383035,9516308,26.1,4000,2,0
144029910,0,9384604,9516308,26.1,1000,2,0
144029910,0,9386498,9516308,26.1,100,2,0
144029910,0,9403416,9516308,26.1,10000,2,0
144029910,0,9405948,9516308,26.1,1900,2,0
144029910,0,9410074,9516308,26.1,800,2,0
144029910,0,9412997,9516308,26.1,500,2,0
144029910,0,9419860,9516308,26.1,100,2,0
144029910,0,9428904,9516308,26.1,200,2,0
144029910,0,9433906,9516308,26.1,500,2,0
144029910,0,9439298,9516308,26.1,500,2,0
144029910,0,9441474,9516308,26.1,1400,2,0
144029910,0,9452567,9516308,26.1,100,2,0
144029910,0,9457938,9516308,26.1,500,2,0
144029910,0,9473162,9516308,26.1,1000,2,0
144029910,0,9474496,9516308,26.1,200,2,0
144029910,0,9476076,9516308,26.1,300,2,0
144029910,0,9483011,9516308,26.1,400,2,0
144029910,0,9513185,9516308,26.1,600,2,0
144029910,0,9515167,9516308,26.1,800,2,0
144029910,0,9286327,9516308,26.09,500,2,0
144029910,0,9293160,9516308,26.09,1500,2,0
144029910,0,9352359,9516308,26.09,100,2,0
144029910,0,9380573,9516308,26.09,500,2,0
144029910,0,9386383,9516308,26.09,200,2,0
144029910,0,9389771,9516308,26.09,4200,2,0
144029910,0,9413511,9516308,26.09,100,2,0
144029910,0,9436175,9516308,26.09,200,2,0
144029910,0,9470137,9516308,26.09,1000,2,0
144029910,0,9270551,9516308,26.08,500,2,0
144029910,0,9285185,9516308,26.08,400,2,0
144029910,0,9294018,9516308,26.08,100,2,0
144029910,0,9302164,9516308,26.08,200,2,0
144029910,0,9314999,9516308,26.08,1000,2,0
144029910,0,9316157,9516308,26.08,6200,2,0
144029910,0,9318520,9516308,26.08,1400,2,0
144029910,0,9324204,9516308,26.08,600,2,0
144029910,0,9386511,9516308,26.08,500,2,0
144029910,0,9397566,9516308,26.08,500,2,0
144029910,0,9404017,9516308,26.08,200,2,0
144029910,0,9420235,9516308,26.08,400,2,0
144029910,0,9425937,9516308,26.08,500,2,0
144029910,0,9436352,9516308,26.08,500,2,0
144029910,0,9503012,9516308,26.08,100,2,0
144029910,0,9515843,9516308,26.08,300,2,0
144029910,0,9105931,9516308,26.07,200,2,0
144029910,0,9120956,9516308,26.07,3000,2,0
144029910,0,9140034,9516308,26.07,200,2,0
144029910,0,9142657,9516308,26.07,500,2,0
144029910,0,9188091,9516308,26.07,100,2,0
144029910,0,9196780,9516308,26.07,500,2,0
144029910,0,9227215,9516308,26.07,300,2,0
144029910,0,9234536,9516308,26.07,100,2,0
144029910,0,9244983,9516308,26.07,200,2,0
144029910,0,9263718,9516308,26.07,200,2,0
144029910,0,9282309,9516308,26.07,200,2,0
144029910,0,9401756,9516308,26.07,1000,2,0
144030480,0,9516703,9516450,26.11,100,1,0
144032270,0,9517946,9517609,26.08,100,1,0
144035040,0,9517980,9519947,26.09,100,2,0
144036190,0,9520747,9517534,26.1,100,1,0
144037780,0,9433008,9521735,26.07,500,2,0
144043380,0,9521737,9526457,26.07,200,2,0
144043380,0,9524904,9526457,26.07,100,2,0
144043970,0,9526870,9524837,26.1,200,1,0
144044950,0,9526002,9527788,26.07,100,2,0
144046780,0,9529346,9524837,26.1,500,1,0
144048240,0,9530566,9524837,26.1,300,1,0
144052040,0,9531149,9533623,26.09,200,2,0
144053020,0,9534263,9534477,26.09,100,2,0
144054100,0,9535610,9524837,26.1,100,1,0
144054180,0,9528940,9535707,26.08,800,2,0
144054890,0,9528940,9536211,26.08,1100,2,0
144054890,0,9529334,9536211,26.08,100,2,0
144055790,0,9529334,9536942,26.08,100,2,0
144055790,0,9534032,9536942,26.08,400,2,0
144056090,0,9534032,9537245,26.08,100,2,0
144056090,0,9536947,9537245,26.08,100,2,0
144056290,0,9526002,9537488,26.07,500,2,0
144056570,0,9526723,9537734,26.07,200,2,0
144056700,0,9537904,9537245,26.08,200,1,0
144056730,0,9537937,9537245,26.08,100,1,0
144056730,0,9537937,9536881,26.09,100,1,0
144056750,0,9537956,9536881,26.09,100,1,0
144056770,0,9537975,9536881,26.09,100,1,0
144056780,0,9537986,9536881,26.09,200,1,0
144056780,0,9537986,9525818,26.1,200,1,0
144057700,0,9538386,9539062,26.07,1000,2,0
144057700,0,9538861,9539062,26.07,100,2,0
144100050,0,9539490,9541438,26.08,600,2,0
144110720,0,9539490,9551834,26.08,2000,2,0
144110770,0,9551877,9544702,26.09,200,1,0
144111150,0,9539490,9552338,26.08,500,2,0
144112140,0,9539490,9553544,26.08,100,2,0
144112800,0,9539490,9554219,26.08,500,2,0
144113040,0,9539490,9554439,26.08,200,2,0
144113100,0,9539490,9554534,26.08,700,2,0
144113770,0,9539490,9555140,26.08,1900,2,0
144113790,0,9540116,9555144,26.08,100,2,0
144113790,0,9540117,9555151,26.08,100,2,0
144114290,0,9538861,9555720,26.07,200,2,0
144115020,0,9538861,9556410,26.07,200,2,0
144115250,0,9538861,9556626,26.07,500,2,0
144115250,0,9542034,9556626,26.07,100,2,0
144115300,0,9545386,9556661,26.07,200,2,0
144116690,0,9553745,9558081,26.07,100,2,0
144116710,0,9558094,9555951,26.08,100,1,0
144117630,0,9554074,9558916,26.07,200,2,0
144117630,0,9555785,9558916,26.07,300,2,0
144118960,0,9555785,9559965,26.07,500,2,0
144123520,0,9094158,9563234,26.06,1900,2,0
144125730,0,9564685,9559965,26.07,4000,1,0
144125730,0,9564685,9561073,26.07,100,1,0
144125730,0,9564685,9564398,26.07,500,1,0
144125730,0,9564685,9564475,26.07,900,1,0
144127200,0,9565257,9565730,26.07,200,2,0
144127890,0,9565257,9566226,26.07,100,2,0
144132770,0,9569867,9566226,26.07,100,1,0
144136760,0,9208977,9572611,26.06,500,2,0
144136760,0,9210935,9572611,26.06,400,2,0
144137020,0,9572770,9567244,26.07,100,1,0
144137320,0,9210935,9572976,26.06,100,2,0
144137320,0,9217491,9572976,26.06,100,2,0
144137420,0,9573060,9567244,26.07,400,1,0
144137510,0,9217491,9573131,26.06,200,2,0
144139030,0,9236038,9574185,26.06,100,2,0
144139560,0,9236038,9574493,26.06,100,2,0
144140760,0,9236038,9575656,26.06,700,2,0
144141730,0,9500980,9576492,26.06,100,2,0
144143380,0,9520157,9577931,26.06,100,2,0
144143380,0,9530264,9577931,26.06,200,2,0
144143380,0,9531088,9577931,26.06,200,2,0
144143710,0,9531088,9578223,26.06,100,2,0
144143750,0,9531088,9578260,26.06,100,2,0
144143910,0,9537407,9578374,26.06,400,2,0
144144080,0,9578547,9567988,26.07,100,1,0
144144080,0,9578547,9568533,26.07,100,1,0
144144220,0,9548332,9578715,26.06,100,2,0
144144590,0,9548332,9579104,26.06,500,2,0
144146480,0,9555980,9580766,26.06,100,2,0
144146700,0,9555980,9580976,26.06,100,2,0
144146730,0,9555980,9581013,26.06,200,2,0
144146980,0,9555980,9581245,26.06,500,2,0
144152470,0,9555980,9585206,26.06,500,2,0
144153560,0,9555980,9585899,26.06,200,2,0
144157500,0,9555980,9588734,26.06,1300,2,0
144159700,0,9555980,9590016,26.06,1900,2,0
144200940,0,9590875,9570223,26.07,100,1,0
144200940,0,9590875,9572794,26.07,200,1,0
144200940,0,9590875,9574783,26.07,500,1,0
144202820,0,9555980,9592622,26.06,2400,2,0
144203000,0,9572662,9592785,26.06,500,2,0
144203000,0,9573190,9592785,26.06,100,2,0
144204600,0,9594363,9575306,26.07,200,1,0
144205290,0,9573190,9595050,26.06,400,2,0
144205330,0,9595086,9575306,26.07,300,1,0
144205330,0,9595086,9575381,26.07,400,1,0
144205330,0,9595086,9575611,26.07,100,1,0
144205730,0,9573190,9595455,26.06,500,2,0
144206610,0,9573190,9596168,26.06,200,2,0
144207280,0,9573190,9596833,26.06,500,2,0
144207280,0,9575665,9596833,26.06,400,2,0
144207280,0,9576071,9596833,26.06,100,2,0
144207280,0,9579946,9596833,26.06,200,2,0
144207280,0,9580870,9596833,26.06,400,2,0
144207280,0,9581070,9596833,26.06,600,2,0
144207900,0,9581070,9597307,26.06,1100,2,0
144208380,0,9582670,9597710,26.06,300,2,0
144208950,0,9598157,9578954,26.07,400,1,0
144209350,0,9598482,9581646,26.07,200,1,0
144211800,0,9600357,9591684,26.07,100,1,0
144212250,0,9583353,9600712,26.06,100,2,0
144212960,0,9583353,9601209,26.06,800,2,0
144212960,0,9584635,9601209,26.06,200,2,0
144212960,0,9585840,9601209,26.06,600,2,0
144212960,0,9586533,9601209,26.06,900,2,0
144213460,0,9586533,9601638,26.06,600,2,0
144216740,0,9586533,9604158,26.06,100,2,0
144217960,0,9586533,9605034,26.06,900,2,0
144220410,0,9606551,9606885,26.07,300,2,0
144222330,0,9607415,9608363,26.07,500,2,0
144223330,0,9609146,9608631,26.07,200,1,0
144226280,0,9611335,9560616,26.08,100,1,0
144228760,0,9612588,9613007,26.07,500,2,0
144230980,0,9591354,9614545,26.06,400,2,0
144230980,0,9593386,9614545,26.06,200,2,0
144230980,0,9594524,9614545,26.06,3000,2,0
144230980,0,9594627,9614545,26.06,100,2,0
144230980,0,9595687,9614545,26.06,100,2,0
144230980,0,9596179,9614545,26.06,100,2,0
144230980,0,9599639,9614545,26.06,1000,2,0
144230980,0,9599857,9614545,26.06,100,2,0
144230980,0,9603667,9614545,26.06,1000,2,0
144233130,0,9605358,9616000,26.06,600,2,0
144234630,0,9605773,9617076,26.06,200,2,0
144241330,0,9607414,9621666,26.06,400,2,0
144242090,0,9622136,9613150,26.07,100,1,0
144242090,0,9622136,9613690,26.07,200,1,0
144242280,0,9607414,9622261,26.06,100,2,0
144242280,0,9610473,9622261,26.06,100,2,0
144245210,0,9053771,9624502,26.05,500,2,0
144245210,0,9055649,9624502,26.05,300,2,0
144246170,0,9625160,9623558,26.06,100,1,0
144248010,0,9626344,9623558,26.06,700,1,0
144249750,0,9055649,9627463,26.05,100,2,0
144250530,0,9055649,9628049,26.05,1000,2,0
144250650,0,9135995,9628159,26.05,200,2,0
144250850,0,9135995,9628339,26.05,500,2,0
144251180,0,9135995,9628611,26.05,500,2,0
144251180,0,9135995,9628614,26.05,700,2,0
144251180,0,9135995,9628616,26.05,100,2,0
144251200,0,9135995,9628620,26.05,300,2,0
144251200,0,9135995,9628622,26.05,100,2,0
144251400,0,9135995,9628752,26.05,500,2,0
144252740,0,9137038,9629702,26.05,200,2,0
144252810,0,9137038,9629744,26.05,300,2,0
144252810,0,9147092,9629744,26.05,200,2,0
144252810,0,9147092,9629747,26.05,300,2,0
144252810,0,9151498,9629747,26.05,100,2,0
144252810,0,9158319,9629747,26.05,100,2,0
144252980,0,9158319,9629879,26.05,200,2,0
144252980,0,9183404,9629879,26.05,300,2,0
144252990,0,9183404,9629883,26.05,100,2,0
144253640,0,9183404,9630438,26.05,500,2,0
144253820,0,9232861,9630594,26.05,200,2,0
144253870,0,9630636,9624105,26.06,400,1,0
144254070,0,9354455,9630819,26.05,2300,2,0
144254450,0,9354455,9631139,26.05,500,2,0
144254730,0,9357336,9631311,26.05,100,2,0
144254730,0,9368150,9631311,26.05,400,2,0
144255790,0,9435972,9631996,26.05,100,2,0
144255980,0,9505052,9632092,26.05,200,2,0
144259380,0,9634413,9625551,26.06,100,1,0
144259590,0,9634595,9625551,26.06,100,1,0
144259840,0,9564197,9634753,26.05,500,2,0
144302090,0,9577767,9636404,26.05,1000,2,0
144302130,0,9636447,9625551,26.06,200,1,0
144302130,0,9636447,9625572,26.06,100,1,0
144302130,0,9636447,9626413,26.06,1900,1,0
144302130,0,9636447,9626775,26.06,800,1,0
144302130,0,9636447,9626942,26.06,5900,1,0
144302130,0,9636447,9627117,26.06,1600,1,0
144302130,0,9636447,9627246,26.06,100,1,0
144302130,0,9636447,9627848,26.06,1700,1,0
144302130,0,9636447,9628139,26.06,500,1,0
144302130,0,9636447,9628457,26.06,1000,1,0
144302130,0,9636447,9628591,26.06,500,1,0
144302130,0,9636447,9628919,26.06,700,1,0
144302130,0,9636447,9629431,26.06,1300,1,0
144302130,0,9636447,9630530,26.06,700,1,0
144302130,0,9636447,9631049,26.06,800,1,0
144302130,0,9636447,9631183,26.06,500,1,0
144302130,0,9636447,9632200,26.06,200,1,0
144302130,0,9636447,9632379,26.06,900,1,0
144302130,0,9636447,9632987,26.06,600,1,0
144302560,0,9577767,9636820,26.05,400,2,0
144302560,0,9578114,9636820,26.05,400,2,0
144302800,0,9578114,9637019,26.05,500,2,0
144303400,0,9578114,9637543,26.05,1400,2,0
144303720,0,9637829,9632987,26.06,100,1,0
144303740,0,9637843,9632987,26.06,200,1,0
144304470,0,9638448,9632987,26.06,100,1,0
144305100,0,9638964,9632987,26.06,500,1,0
144305410,0,9639260,9632987,26.06,100,1,0
144305770,0,9639518,9633045,26.06,100,1,0
144306490,0,9583902,9640137,26.05,100,2,0
144307180,0,9583902,9640651,26.05,100,2,0
144308650,0,9583902,9641706,26.05,200,2,0
144308650,0,9585937,9641706,26.05,200,2,0
144308650,0,9590553,9641706,26.05,1000,2,0
144309010,0,9642106,9633045,26.06,200,1,0
144309010,0,9642106,9633439,26.06,200,1,0
144309010,0,9642106,9633626,26.06,600,1,0
144310580,0,9642875,9643496,26.06,300,2,0
144312510,0,9645416,9640458,26.07,2600,1,0
144312510,0,9645416,9571144,26.08,3700,1,0
144312630,0,9645485,9619327,26.09,400,1,0
144313260,0,9646089,9619327,26.09,100,1,0
144313880,0,9645416,9646787,26.08,800,2,0
144315620,0,9645416,9648819,26.08,1000,2,0
144316870,0,9645416,9650158,26.08,1000,2,0
144318020,0,9648129,9651244,26.08,400,2,0
144323010,0,9653090,9654692,26.07,800,2,0
144323010,0,9654006,9654692,26.07,1000,2,0
144323010,0,9654085,9654692,26.07,200,2,0
144325840,0,9655467,9656555,26.07,200,2,0
144332270,0,9661091,9656555,26.07,800,1,0
144332270,0,9661091,9658575,26.07,100,1,0
144332270,0,9661091,9658841,26.07,100,1,0
144334110,0,9661114,9662303,26.07,3500,2,0
144338810,0,9661114,9665672,26.07,2900,2,0
144339420,0,9666068,9652731,26.08,200,1,0
144346160,0,9662979,9670725,26.07,100,2,0
144349790,0,9671733,9672970,26.07,100,2,0
144356560,0,9672487,9677369,26.07,300,2,0
144359560,0,9672487,9679641,26.07,2100,2,0
144359560,0,9672939,9679641,26.07,100,2,0
144359560,0,9673150,9679641,26.07,500,2,0
144359560,0,9673264,9679641,26.07,10000,2,0
144359560,0,9674732,9679641,26.07,100,2,0
144359560,0,9676817,9679641,26.07,100,2,0
144359560,0,9678440,9679641,26.07,2000,2,0
144359560,0,9678911,9679641,26.07,100,2,0
144359770,0,9679838,9679641,26.07,1500,1,0
144409180,0,9642875,9689524,26.06,500,2,0
144409260,0,9689606,9679641,26.07,100,1,0
144410340,0,9642875,9690506,26.06,6500,2,0
144410430,0,9690602,9682339,26.07,100,1,0
144410430,0,9690602,9683608,26.07,800,1,0
144410430,0,9690602,9684498,26.07,500,1,0
144411560,0,9642875,9691390,26.06,900,2,0
144412780,0,9692225,9684498,26.07,200,1,0
144415150,0,9642875,9693864,26.06,100,2,0
144415350,0,9693984,9688203,26.07,100,1,0
144416710,0,9642875,9694795,26.06,200,2,0
144417060,0,9695060,9688203,26.07,800,1,0
144417140,0,9695139,9689276,26.07,200,1,0
144424420,0,9700004,9699247,26.07,2800,1,0
144433170,0,9705284,9652923,26.08,500,1,0
144434100,0,9700004,9705771,26.07,1100,2,0
144434100,0,9701214,9705771,26.07,700,2,0
144434100,0,9701724,9705771,26.07,100,2,0
144434100,0,9642875,9705771,26.06,1100,2,0
144437970,0,9708083,9708240,26.07,1200,2,0
144456950,0,9719669,9712605,26.07,100,1,0
144459610,0,9642875,9721145,26.06,2700,2,0
144500210,0,9660727,9721570,26.06,200,2,0
144500210,0,9689081,9721570,26.06,200,2,0
144500210,0,9691668,9721570,26.06,100,2,0
144500210,0,9706960,9721570,26.06,100,2,0
144502000,0,9605946,9723119,26.05,300,2,0
144502190,0,9625443,9723258,26.05,900,2,0
144502400,0,9723493,9721570,26.06,500,1,0
144507970,0,9670252,9728400,26.05,100,2,0
144507970,0,9673001,9728404,26.05,400,2,0
144509570,0,9673001,9730027,26.05,300,2,0
144509570,0,9673554,9730027,26.05,200,2,0
144511070,0,9693231,9731223,26.05,200,2,0
144511070,0,9696340,9731223,26.05,300,2,0
144512260,0,9696340,9732243,26.05,300,2,0
144512260,0,9709562,9732243,26.05,100,2,0
144512260,0,9709685,9732243,26.05,1000,2,0
144512260,0,9713826,9732243,26.05,200,2,0
144512260,0,9718556,9732243,26.05,200,2,0
144512260,0,9720745,9732243,26.05,1000,2,0
144512260,0,9723175,9732243,26.05,800,2,0
144512260,0,9727592,9732243,26.05,900,2,0
144512280,0,9727592,9732269,26.05,100,2,0
144512280,0,9730303,9732269,26.05,100,2,0
144513060,0,9730303,9732844,26.05,600,2,0
144515060,0,9734893,9732844,26.05,200,1,0
144515210,0,9052150,9735101,26.04,800,2,0
144515880,0,9052150,9735914,26.04,200,2,0
144519140,0,9739051,9732844,26.05,300,1,0
144520920,0,9052150,9740725,26.04,300,2,0
144520920,0,9052423,9740725,26.04,200,2,0
144521170,0,9052423,9740893,26.04,800,2,0
144521170,0,9107553,9740893,26.04,2000,2,0
144521170,0,9146544,9740893,26.04,200,2,0
144521170,0,9329599,9740893,26.04,200,2,0
144521170,0,9623210,9740893,26.04,1000,2,0
144521170,0,9661624,9740893,26.04,200,2,0
144521170,0,9662592,9740893,26.04,200,2,0
144521170,0,9686642,9740893,26.04,2100,2,0
144522540,0,9686642,9742114,26.04,900,2,0
144522860,0,9692445,9742424,26.04,100,2,0
144522860,0,9696758,9742424,26.04,200,2,0
144522860,0,9696758,9742425,26.04,300,2,0
144522880,0,9696758,9742447,26.04,300,2,0
144522880,0,9717427,9742447,26.04,100,2,0
144522880,0,9729452,9742447,26.04,600,2,0
144522880,0,9729452,9742449,26.04,500,2,0
144522880,0,9739360,9742449,26.04,200,2,0
144522900,0,9739360,9742477,26.04,800,2,0
144522940,0,9740382,9742543,26.04,100,2,0
144523760,0,9743214,9742543,26.04,1100,1,0
144525470,0,9744627,9744440,26.04,200,1,0
144525590,0,7721718,9744713,26.03,300,2,0
144525590,0,7820507,9744713,26.03,300,2,0
144525590,0,7835139,9744713,26.03,300,2,0
144525710,0,7835139,9744855,26.03,100,2,0
144526880,0,7835139,9745829,26.03,200,2,0
144531740,0,9749724,9744440,26.04,900,1,0
144532520,0,9750279,9744440,26.04,100,1,0
144535390,0,8221907,9752416,26.03,100,2,0
144535390,0,8280516,9752416,26.03,1000,2,0
144535390,0,8750908,9752416,26.03,900,2,0
144535580,0,9046984,9752541,26.03,500,2,0
144535580,0,9061095,9752541,26.03,500,2,0
144535580,0,9144492,9752541,26.03,100,2,0
144535580,0,9256064,9752541,26.03,800,2,0
144535640,0,9752582,9744440,26.04,500,1,0
144536210,0,9753017,9744440,26.04,100,1,0
144538130,0,9256064,9754494,26.03,400,2,0
144538130,0,9298702,9754494,26.03,200,2,0
144538130,0,9310520,9754494,26.03,200,2,0
144538130,0,9442446,9754494,26.03,100,2,0
144538130,0,9459680,9754494,26.03,1000,2,0
144538130,0,9464258,9754494,26.03,100,2,0
144538130,0,9482781,9754494,26.03,500,2,0
144538330,0,9754637,9744440,26.04,100,1,0
144538330,0,9482781,9754640,26.03,500,2,0
144538330,0,9567153,9754640,26.03,200,2,0
144538330,0,9567750,9754640,26.03,200,2,0
144538330,0,9568283,9754640,26.03,100,2,0
144538330,0,9577097,9754640,26.03,100,2,0
144538330,0,9588236,9754640,26.03,1000,2,0
144538330,0,9589323,9754640,26.03,300,2,0
144538330,0,9618412,9754640,26.03,100,2,0
144538330,0,9623322,9754640,26.03,200,2,0
144538330,0,9650934,9754640,26.03,100,2,0
144538330,0,9658766,9754640,26.03,1000,2,0
144538330,0,9676159,9754640,26.03,400,2,0
144538330,0,9688671,9754640,26.03,500,2,0
144538330,0,9695414,9754640,26.03,600,2,0
144538330,0,9697483,9754640,26.03,500,2,0
144538330,0,9711870,9754640,26.03,100,2,0
144538330,0,9743022,9754640,26.03,500,2,0
144538330,0,9746636,9754640,26.03,200,2,0
144538330,0,9748449,9754640,26.03,100,2,0
144540770,0,9748449,9756494,26.03,700,2,0
144540770,0,9748449,9756495,26.03,200,2,0
144540770,0,9755356,9756495,26.03,100,2,0
144540770,0,53846,9756495,26.02,500,2,0
144540770,0,53846,9756496,26.02,800,2,0
144540770,0,53846,9756497,26.02,200,2,0
144540770,0,111667,9756497,26.02,500,2,0
144540770,0,169167,9756497,26.02,600,2,0
144541220,0,9756836,9756642,26.03,100,1,0
144542940,0,9757850,9746272,26.04,600,1,0
144543020,0,9756836,9757897,26.03,100,2,0
144543320,0,9757006,9758122,26.03,700,2,0
144543320,0,9757152,9758122,26.03,100,2,0
144543320,0,9757470,9758122,26.03,200,2,0
144544590,0,9757621,9759141,26.03,100,2,0
144545220,0,9759646,9746272,26.04,1000,1,0
144545660,0,352854,9760019,26.02,500,2,0
144546730,0,9760832,9759955,26.03,100,1,0
144547450,0,558093,9761436,26.02,600,2,0
144547450,0,854374,9761436,26.02,1000,2,0
144548210,0,9761871,9759955,26.03,100,1,0
144548260,0,9761907,9759955,26.03,100,1,0
144548260,0,854374,9761908,26.02,500,2,0
144548260,0,5723943,9761908,26.02,100,2,0
144548260,0,6204816,9761908,26.02,200,2,0
144548350,0,9761985,9759955,26.03,200,1,0
144548350,0,9761985,9746540,26.04,300,1,0
144551360,0,9764266,9763081,26.03,300,1,0
144551360,0,9764266,9764155,26.03,100,1,0
144553320,0,7335976,9765717,26.02,500,2,0
144553320,0,8301967,9765717,26.02,100,2,0
144553320,0,8895691,9765717,26.02,1000,2,0
144553320,0,9642583,9765717,26.02,500,2,0
144553320,0,9761760,9765717,26.02,900,2,0
144553320,0,371594,9765717,26.01,100,2,0
144553320,0,7452301,9765717,26.01,500,2,0
144553320,0,8026289,9765717,26.01,300,2,0
144553320,0,8327007,9765717,26.01,100,2,0
144553320,0,8408182,9765717,26.01,2000,2,0
144553320,0,8441641,9765717,26.01,1000,2,0
144553320,0,8474499,9765717,26.01,500,2,0
144553320,0,8590708,9765717,26.01,500,2,0
144553320,0,8624329,9765717,26.01,100,2,0
144553320,0,8729987,9765717,26.01,1500,2,0
144553320,0,8955710,9765717,26.01,300,2,0
144553320,0,9029662,9765717,26.01,300,2,0
144553320,0,9032664,9765717,26.01,100,2,0
144553320,0,9039008,9765717,26.01,500,2,0
144553320,0,9049227,9765717,26.01,10000,2,0
144553320,0,9049747,9765717,26.01,500,2,0
144553320,0,9052406,9765717,26.01,1000,2,0
144553320,0,9052410,9765717,26.01,3000,2,0
144553320,0,9053515,9765717,26.01,400,2,0
144553320,0,9057262,9765717,26.01,3800,2,0
144553320,0,9062886,9765717,26.01,100,2,0
144553320,0,9068815,9765717,26.01,8000,2,0
144553420,0,9765792,9764292,26.03,200,1,0
144554400,0,9765993,9766531,26.03,600,2,0
144554830,0,9071438,9766813,26.01,1800,2,0
144555120,0,9071438,9767009,26.01,100,2,0
144555120,0,9073402,9767009,26.01,400,2,0
144556040,0,9767675,9767544,26.02,1000,1,0
144557260,0,9768644,9748059,26.04,500,1,0
144557260,0,9768644,9749726,26.04,200,1,0
144557260,0,9768644,9752669,26.04,500,1,0
144557260,0,9768644,9757814,26.04,2800,1,0
144602120,0,9767675,9773729,26.03,100,2,0
144602120,0,9768142,9773729,26.03,600,2,0
144607490,0,9778831,9757814,26.04,300,1,0
144608420,0,9780019,9757814,26.04,200,1,0
144612320,0,9783365,9757814,26.04,100,1,0
144613370,0,9784130,9757814,26.04,200,1,0
144613370,0,9784130,9762259,26.04,1800,1,0
144614310,0,9768142,9784863,26.03,500,2,0
144615940,0,9768142,9785968,26.03,100,2,0
144617450,0,9787180,9762259,26.04,800,1,0
144619240,0,9788357,9762259,26.04,900,1,0
144619240,0,9788357,9773274,26.04,100,1,0
144619840,0,9768142,9788757,26.03,200,2,0
144620440,0,9789151,9775797,26.04,100,1,0
144622710,0,9768142,9790596,26.03,600,2,0
144623520,0,9769996,9791121,26.03,400,2,0
144623720,0,9791241,9775797,26.04,700,1,0
144623720,0,9791241,9777046,26.04,700,1,0
144623720,0,9791241,9777607,26.04,100,1,0
144624400,0,9771362,9791692,26.03,300,2,0
144624540,0,9772559,9791765,26.03,400,2,0
144625290,0,9792286,9777607,26.04,100,1,0
144625350,0,9773734,9792333,26.03,500,2,0
144626560,0,9775620,9793171,26.03,400,2,0
144628750,0,9794863,9778412,26.04,100,1,0
144629130,0,9785453,9795070,26.03,200,2,0
144634080,0,9786662,9798177,26.02,100,2,0
144641210,0,9793364,9803255,26.02,300,2,0
144641560,0,9803518,9797979,26.03,100,1,0
144643690,0,9793364,9804890,26.02,100,2,0
144643730,0,9804916,9797979,26.03,300,1,0
144643880,0,9805026,9797979,26.03,400,1,0
144644310,0,9793364,9805360,26.02,100,2,0
144644310,0,9795083,9805360,26.02,1000,2,0
144644310,0,9795216,9805360,26.02,200,2,0
144644310,0,9798534,9805360,26.02,1000,2,0
144644310,0,9799593,9805360,26.02,1000,2,0
144644310,0,9804769,9805360,26.02,100,2,0
144644310,0,9073402,9805360,26.01,500,2,0
144644310,0,9104149,9805360,26.01,100,2,0
144644310,0,9112421,9805360,26.01,700,2,0
144644310,0,9161615,9805360,26.01,400,2,0
144644310,0,9162655,9805360,26.01,1000,2,0
144644310,0,9188607,9805360,26.01,1000,2,0
144644310,0,9246745,9805360,26.01,500,2,0
144644310,0,9301498,9805360,26.01,300,2,0
144644310,0,9341084,9805360,26.01,500,2,0
144644310,0,9403611,9805360,26.01,200,2,0
144644310,0,9406742,9805360,26.01,200,2,0
144644310,0,9412527,9805360,26.01,4000,2,0
144644310,0,9419343,9805360,26.01,1000,2,0
144644310,0,9561507,9805360,26.01,300,2,0
144644310,0,9610506,9805360,26.01,500,2,0
144644310,0,9631729,9805360,26.01,8800,2,0
144644310,0,9706167,9805360,26.01,100,2,0
144644310,0,9756571,9805360,26.01,1000,2,0
144644310,0,9758805,9805360,26.01,100,2,0
144644310,0,9761730,9805360,26.01,500,2,0
144644310,0,9764006,9805360,26.01,200,2,0
144644310,0,9765759,9805360,26.01,100,2,0
144644310,0,9766291,9805360,26.01,4600,2,0
144644310,0,9767172,9805360,26.01,600,2,0
144644310,0,9771773,9805360,26.01,200,2,0
144644310,0,9772417,9805360,26.01,100,2,0
144644310,0,9773936,9805360,26.01,800,2,0
144644310,0,9777102,9805360,26.01,200,2,0
144644310,0,9778866,9805360,26.01,100,2,0
144644310,0,9780963,9805360,26.01,200,2,0
144644310,0,9782019,9805360,26.01,1000,2,0
144644310,0,9787594,9805360,26.01,100,2,0
144644310,0,9789841,9805360,26.01,5000,2,0
144644310,0,9791044,9805360,26.01,200,2,0
144644310,0,9791984,9805360,26.01,3300,2,0
144644310,0,9797050,9805360,26.01,400,2,0
144644310,0,9797143,9805360,26.01,700,2,0
144644310,0,9797402,9805360,26.01,400,2,0
144644310,0,9797808,9805360,26.01,100,2,0
144644310,0,9797986,9805360,26.01,300,2,0
144644310,0,9798784,9805360,26.01,300,2,0
144644310,0,9798987,9805360,26.01,100,2,0
144644360,0,9805396,9805360,26.01,200,1,0
144644790,0,9805668,9805360,26.01,100,1,0
144645140,0,9805906,9805360,26.01,100,1,0
144646120,0,9806524,9805360,26.01,500,1,0
144646210,0,9806579,9805360,26.01,300,1,0
144646320,0,9806627,9805360,26.01,500,1,0
144646730,0,9806891,9805360,26.01,500,1,0
144646770,0,94150,9806918,26.0,100,2,0
144646770,0,102023,9806918,26.0,100,2,0
144646770,0,137886,9806918,26.0,300,2,0
144648340,0,139466,9807945,26.0,100,2,0
144649860,0,9808947,9805360,26.01,100,1,0
144650120,0,250260,9809129,26.0,500,2,0
144650160,0,250260,9809159,26.0,200,2,0
144650160,0,278291,9809159,26.0,300,2,0
144650160,0,300259,9809159,26.0,100,2,0
144650160,0,309398,9809159,26.0,1000,2,0
144650160,0,316880,9809159,26.0,1400,2,0
144650160,0,338499,9809159,26.0,1000,2,0
144650160,0,362449,9809159,26.0,500,2,0
144650160,0,363557,9809159,26.0,600,2,0
144650160,0,414300,9809159,26.0,2000,2,0
144650160,0,464031,9809159,26.0,500,2,0
144650160,0,478471,9809159,26.0,100,2,0
144650160,0,541479,9809159,26.0,100,2,0
144650160,0,599915,9809159,26.0,200,2,0
144650160,0,653985,9809159,26.0,200,2,0
144650160,0,684898,9809159,26.0,100,2,0
144650160,0,912682,9809159,26.0,300,2,0
144650160,0,1091799,9809159,26.0,500,2,0
144650160,0,1451004,9809159,26.0,200,2,0
144650160,0,1873930,9809159,26.0,1000,2,0
144650160,0,2096341,9809159,26.0,300,2,0
144650160,0,2250029,9809159,26.0,1000,2,0
144650160,0,2909826,9809159,26.0,100,2,0
144650160,0,3080419,9809159,26.0,500,2,0
144650160,0,3166988,9809159,26.0,100,2,0
144650160,0,3654017,9809159,26.0,400,2,0
144650160,0,4046052,9809159,26.0,100,2,0
144650160,0,4062760,9809159,26.0,200,2,0
144650160,0,4166694,9809159,26.0,100,2,0
144650160,0,5268095,9809159,26.0,2000,2,0
144651300,0,5936799,9809987,26.0,500,2,0
144651550,0,6157398,9810185,26.0,700,2,0
144651550,0,6163076,9810185,26.0,1000,2,0
144651700,0,6176321,9810319,26.0,500,2,0
144651700,0,6187908,9810319,26.0,1000,2,0
144651700,0,6193976,9810319,26.0,200,2,0
144656010,0,6215556,9813485,26.0,100,2,0
144656120,0,6215556,9813566,26.0,500,2,0
144657020,0,6215556,9814145,26.0,2200,2,0
144657020,0,7003415,9814145,26.0,400,2,0
144657660,0,7113164,9814558,26.0,100,2,0
144657660,0,7141145,9814558,26.0,2000,2,0
144657660,0,7245335,9814558,26.0,200,2,0
144657660,0,7328479,9814558,26.0,5000,2,0
144657660,0,7347452,9814558,26.0,500,2,0
144657660,0,7357323,9814558,26.0,1100,2,0
144657690,0,7357323,9814571,26.0,400,2,0
144657800,0,9814647,9805360,26.01,500,1,0
144658090,0,9814846,9805360,26.01,1000,1,0
144659320,0,7357323,9815715,26.0,1000,2,0
144659780,0,9815983,9805360,26.01,1000,1,0
144700380,0,7357323,9816360,26.0,700,2,0
144700440,0,7357323,9816407,26.0,1600,2,0
144700730,0,7405357,9816589,26.0,100,2,0
144700730,0,7564242,9816589,26.0,500,2,0
144701390,0,7625369,9817062,26.0,100,2,0
144705060,0,7747230,9819873,26.0,700,2,0
144705060,0,7770407,9819873,26.0,100,2,0
144705590,0,7770407,9820399,26.0,400,2,0
144705730,0,7808737,9820514,26.0,2000,2,0
144705730,0,7808899,9820514,26.0,300,2,0
144705830,0,7824841,9820556,26.0,200,2,0
144705830,0,7836816,9820556,26.0,300,2,0
144705830,0,7845832,9820556,26.0,1000,2,0
144705830,0,7851277,9820556,26.0,200,2,0
144705830,0,7865238,9820556,26.0,100,2,0
144705830,0,7871689,9820556,26.0,200,2,0
144705830,0,7896532,9820556,26.0,3000,2,0
144705830,0,7902927,9820556,26.0,100,2,0
144705830,0,7904042,9820556,26.0,500,2,0
144705830,0,7909821,9820556,26.0,1000,2,0
144705830,0,7918669,9820556,26.0,100,2,0
144705830,0,7925937,9820556,26.0,500,2,0
144705830,0,7977765,9820556,26.0,500,2,0
144705830,0,8001722,9820556,26.0,100,2,0
144705830,0,8038929,9820556,26.0,200,2,0
144705830,0,8070429,9820556,26.0,100,2,0
144705830,0,8087707,9820556,26.0,1100,2,0
144705830,0,8110644,9820556,26.0,100,2,0
144705830,0,8133047,9820556,26.0,500,2,0
144705830,0,8134326,9820556,26.0,200,2,0
144706920,0,8217837,9821305,26.0,200,2,0
144706920,0,8218230,9821305,26.0,500,2,0
144706920,0,8223106,9821305,26.0,100,2,0
144707720,0,8223106,9821840,26.0,200,2,0
144707720,0,8270784,9821840,26.0,100,2,0
144707720,0,8448876,9821842,26.0,300,2,0
144709160,0,8469326,9823017,26.0,500,2,0
144709160,0,8495007,9823017,26.0,100,2,0
144709160,0,8507981,9823017,26.0,800,2,0
144711120,0,8529466,9824561,26.0,100,2,0
144711120,0,8559372,9824561,26.0,200,2,0
144711280,0,8596426,9824700,26.0,200,2,0
144711280,0,8653157,9824700,26.0,300,2,0
144711280,0,8654240,9824700,26.0,100,2,0
144711280,0,8663974,9824700,26.0,100,2,0
144712220,0,9825305,9805360,26.01,800,1,0
144712550,0,9825516,9805360,26.01,5000,1,0
144712700,0,8663974,9825626,26.0,500,2,0
144712700,0,8684207,9825626,26.0,500,2,0
144713120,0,9825841,9805360,26.01,5000,1,0
144713660,0,8700820,9826225,26.0,1000,2,0
144713690,0,8700820,9826241,26.0,100,2,0
144714300,0,9826631,9805360,26.01,100,1,0
144715490,0,9827417,9805360,26.01,200,1,0
144715780,0,8748372,9827606,26.0,100,2,0
144716550,0,8802450,9828099,26.0,100,2,0
144716550,0,8852870,9828099,26.0,100,2,0
144716850,0,8945427,9828289,26.0,100,2,0
144717600,0,9035295,9828797,26.0,200,2,0
144717600,0,9043033,9828797,26.0,1000,2,0
144717600,0,9043314,9828797,26.0,100,2,0
144717600,0,9064383,9828797,26.0,100,2,0
144717600,0,9064718,9828797,26.0,100,2,0
144717600,0,9099144,9828797,26.0,1000,2,0
144718280,0,9119027,9829232,26.0,400,2,0
144718280,0,9125255,9829232,26.0,100,2,0
144718280,0,9127853,9829232,26.0,200,2,0
144718280,0,9135292,9829232,26.0,100,2,0
144719230,0,9135292,9829872,26.0,200,2,0
144719630,0,9830141,9805360,26.01,100,1,0
144720160,0,9135292,9830485,26.0,100,2,0
144720330,0,9830574,9805360,26.01,100,1,0
144724790,0,9279075,9833380,26.0,500,2,0
144727430,0,9279075,9835120,26.0,400,2,0
144727580,0,9279075,9835208,26.0,200,2,0
144728170,0,9279075,9835551,26.0,200,2,0
144728530,0,9312117,9835786,26.0,100,2,0
144728530,0,9392457,9835786,26.0,500,2,0
144728600,0,9449661,9835834,26.0,100,2,0
144728730,0,9542170,9835914,26.0,100,2,0
144728730,0,9549306,9835914,26.0,300,2,0
144728730,0,9582512,9835914,26.0,100,2,0
144728730,0,9589637,9835914,26.0,100,2,0
144729090,0,9595956,9836160,26.0,800,2,0
144729090,0,9639391,9836160,26.0,2500,2,0
144729580,0,9671180,9836503,26.0,500,2,0
144729670,0,9692555,9836567,26.0,100,2,0
144730430,0,9743024,9837110,26.0,100,2,0
144730430,0,9744127,9837110,26.0,200,2,0
144730430,0,9744633,9837110,26.0,500,2,0
144730430,0,9747845,9837110,26.0,400,2,0
144730980,0,9756135,9837498,26.0,100,2,0
144730980,0,9757799,9837498,26.0,200,2,0
144730980,0,9759742,9837498,26.0,100,2,0
144731690,0,9759742,9838144,26.0,100,2,0
144731730,0,9759742,9838179,26.0,800,2,0
144731750,0,9838191,9805360,26.01,500,1,0
144732430,0,9761819,9838720,26.0,1000,2,0
144732430,0,9764600,9838720,26.0,100,2,0
144732470,0,9764600,9838750,26.0,100,2,0
144732470,0,9766129,9838750,26.0,100,2,0
144733730,0,9766814,9839563,26.0,400,2,0
144733730,0,9767113,9839563,26.0,500,2,0
144733730,0,9772483,9839563,26.0,400,2,0
144734540,0,9774224,9840038,26.0,300,2,0
144734540,0,9789631,9840038,26.0,200,2,0
144735140,0,9798441,9840358,26.0,700,2,0
144737720,0,9841927,9805360,26.01,100,1,0
144737890,0,9802062,9842027,26.0,100,2,0
144738350,0,9806271,9842304,26.0,400,2,0
144739340,0,9806574,9842889,26.0,800,2,0
144739910,0,9806574,9843278,26.0,200,2,0
144739990,0,9843324,9805360,26.01,200,1,0
144740050,0,9807684,9843367,26.0,1200,2,0
144741360,0,9807684,9844125,26.0,700,2,0
144741410,0,9808893,9844157,26.0,600,2,0
144742040,0,9809444,9844502,26.0,700,2,0
144742180,0,9844616,9805360,26.01,100,1,0
144742290,0,9809444,9844702,26.0,500,2,0
144742310,0,9809993,9844718,26.0,500,2,0
144742320,0,9809993,9844731,26.0,500,2,0
144742320,0,9813380,9844731,26.0,100,2,0
144742670,0,9844957,9805360,26.01,100,1,0
144742890,0,9814318,9845134,26.0,100,2,0
144743770,0,9814635,9845700,26.0,700,2,0
144743770,0,9817610,9845706,26.0,400,2,0
144743770,0,9822021,9845707,26.0,200,2,0
144743770,0,9826458,9845709,26.0,700,2,0
144744990,0,9826458,9846533,26.0,300,2,0
144745030,0,9827346,9846553,26.0,100,2,0
144745670,0,9827346,9847013,26.0,800,2,0
144746470,0,9832555,9847520,26.0,500,2,0
144746770,0,9847681,9847580,26.0,500,1,0
144746800,0,9847695,9847580,26.0,600,1,0
144746800,0,9847695,9847664,26.0,200,1,0
144746800,0,9847695,9847697,26.0,100,2,0
144746810,0,9847706,9847698,26.0,200,1,0
144747510,0,9847706,9848128,26.0,200,2,0
144747940,0,9847706,9848334,26.0,1100,2,0
144748730,0,9847707,9848817,26.0,500,2,0
144748880,0,9847707,9848913,26.0,400,2,0
144750310,0,9848981,9849860,26.0,100,2,0
144751160,0,9850414,9850113,26.0,100,1,0
144751780,0,8227091,9850785,25.99,1000,2,0
144751780,0,9814622,9850786,25.99,1100,2,0
144753070,0,9851646,9851579,26.0,300,1,0
144754780,0,9814622,9852690,25.99,3300,2,0
144754780,0,9819159,9852690,25.99,400,2,0
144754780,0,9823555,9852690,25.99,100,2,0
144754780,0,9833476,9852690,25.99,100,2,0
144754780,0,9838695,9852690,25.99,200,2,0
144754780,0,9841747,9852690,25.99,100,2,0
144754780,0,9843459,9852690,25.99,100,2,0
144754780,0,9843569,9852690,25.99,600,2,0
144754780,0,9845430,9852690,25.99,4600,2,0
144754780,0,9847804,9852690,25.99,500,2,0
144755740,0,9851654,9853247,25.99,800,2,0
144756530,0,88484,9853720,25.98,200,2,0
144758030,0,9853854,9854595,26.0,200,2,0
144800750,0,9853950,9856351,26.0,200,2,0
144800750,0,9854003,9856351,26.0,500,2,0
144800750,0,9854100,9856351,26.0,100,2,0
144800750,0,9854249,9856351,26.0,600,2,0
144805360,0,9859585,9857716,26.0,100,1,0
144805360,0,9859585,9859177,26.0,900,1,0
144805370,0,9859594,9859177,26.0,600,1,0
144805390,0,9859594,9859598,26.0,800,2,0
144805660,0,9859594,9859794,26.0,100,2,0
144805930,0,9859594,9860010,26.0,800,2,0
144806210,0,9859594,9860246,26.0,100,2,0
144807660,0,9856577,9861131,25.99,400,2,0
144812420,0,9856785,9864363,25.99,400,2,0
144812420,0,9858330,9864363,25.99,1200,2,0
144812790,0,9864580,9861166,26.0,100,1,0
144812790,0,9864580,9861765,26.0,200,1,0
144812790,0,9864580,9862262,26.0,100,1,0
144812790,0,9864580,9863139,26.0,200,1,0
144812790,0,9864580,9863382,26.0,100,1,0
144812790,0,9864580,9863920,26.0,1000,1,0
144812890,0,9864580,9864622,26.0,200,2,0
144813150,0,9864797,9805360,26.01,100,1,0
144813160,0,9864807,9805360,26.01,100,1,0
144813160,0,9864813,9805360,26.01,100,1,0
144813250,0,9864580,9864874,26.0,19200,2,0
144815210,0,9858330,9866129,25.99,800,2,0
144815210,0,9860546,9866129,25.99,100,2,0
144815210,0,9860617,9866129,25.99,500,2,0
144815210,0,9861057,9866129,25.99,600,2,0
144815650,0,9866403,9864874,26.0,800,1,0
144816850,0,9867172,9864874,26.0,300,1,0
144817210,0,9861057,9867419,25.99,2500,2,0
144819780,0,9869166,9864874,26.0,2100,1,0
144820520,0,9869653,9864874,26.0,100,1,0
144824090,0,9861057,9871876,25.99,700,2,0
144824440,0,9867624,9872094,25.99,100,2,0
144824450,0,9867624,9872098,25.99,100,2,0
144824480,0,9867624,9872122,25.99,100,2,0
144824720,0,9867862,9872176,25.99,100,2,0
144825900,0,9868718,9873052,25.99,200,2,0
144826220,0,9868718,9873292,25.99,200,2,0
144826380,0,9868718,9873422,25.99,100,2,0
144826450,0,9871015,9873478,25.99,200,2,0
144827450,0,9874139,9864874,26.0,1000,1,0
144827950,0,9874472,9864874,26.0,500,1,0
144829320,0,9871101,9875416,25.99,100,2,0
144830460,0,9872442,9876102,25.99,1000,2,0
144830460,0,9872668,9876102,25.99,200,2,0
144830460,0,9872944,9876102,25.99,9600,2,0
144830460,0,9873024,9876102,25.99,100,2,0
144830460,0,9873440,9876102,25.99,100,2,0
144830460,0,9876031,9876102,25.99,1000,2,0
144831270,0,9876618,9876102,25.99,2300,1,0
144831320,0,7621305,9876661,25.98,100,2,0
144831320,0,9265957,9876661,25.98,200,2,0
144831320,0,9830214,9876661,25.98,1000,2,0
144832180,0,9847975,9877177,25.98,100,2,0
144834340,0,9878624,9876102,25.99,400,1,0
144834890,0,9878966,9876102,25.99,500,1,0
144836660,0,9847975,9880066,25.98,100,2,0
144836660,0,9849226,9880066,25.98,300,2,0
144836660,0,9853551,9880066,25.98,100,2,0
144838170,0,9881157,9876102,25.99,800,1,0
144838330,0,9881279,9876102,25.99,3000,1,0
144838730,0,9853551,9881561,25.98,500,2,0
144839300,0,9854239,9881999,25.98,500,2,0
144840780,0,9883186,9876102,25.99,1000,1,0
144840780,0,9883188,9876102,25.99,2300,1,0
144842290,0,9854239,9884212,25.98,200,2,0
144842760,0,9884507,9876102,25.99,1700,1,0
144843640,0,9854239,9885104,25.98,600,2,0
144843670,0,9885135,9876102,25.99,400,1,0
144844230,0,9854239,9885536,25.98,100,2,0
144844230,0,9856262,9885536,25.98,200,2,0
144844330,0,9856262,9885614,25.98,600,2,0
144844330,0,9856377,9885614,25.98,100,2,0
144845440,0,9856377,9886322,25.98,700,2,0
144846680,0,9887184,9876102,25.99,100,1,0
144846680,0,9887186,9876102,25.99,100,1,0
144846680,0,9887188,9876102,25.99,100,1,0
144846680,0,9887189,9876102,25.99,200,1,0
144846680,0,9887190,9876102,25.99,100,1,0
144846680,0,9887191,9876102,25.99,100,1,0
144846710,0,9887220,9876102,25.99,100,1,0
144846910,0,9887381,9876102,25.99,100,1,0
144848240,0,9856377,9888312,25.98,200,2,0
144848240,0,9859505,9888312,25.98,500,2,0
144848240,0,9860880,9888312,25.98,100,2,0
144848690,0,9861117,9888646,25.98,100,2,0
144848690,0,9864626,9888646,25.98,400,2,0
144849190,0,9889036,9876102,25.99,500,1,0
144849250,0,9866693,9889065,25.98,1000,2,0
144849250,0,9871409,9889065,25.98,100,2,0
144849250,0,9873457,9889065,25.98,700,2,0
144849250,0,9881802,9889065,25.98,100,2,0
144849320,0,9886305,9889113,25.98,100,2,0
144852010,0,9889666,9891236,25.98,900,2,0
144852760,0,9890248,9891741,25.98,500,2,0
144853670,0,9892378,9876102,25.99,300,1,0
144854480,0,9892947,9876102,25.99,100,1,0
144855710,0,9893931,9878860,25.99,100,1,0
144855920,0,9894087,9879449,25.99,200,1,0
144856140,0,9894242,9879449,25.99,200,1,0
144856140,0,9894247,9879449,25.99,100,1,0
144856260,0,9894339,9879449,25.99,100,1,0
144856260,0,9894340,9879449,25.99,100,1,0
144856260,0,9894341,9879449,25.99,100,1,0
144856880,0,9894777,9879449,25.99,100,1,0
144856950,0,9894842,9879449,25.99,400,1,0
144857150,0,9892125,9894988,25.98,400,2,0
144857150,0,9892164,9894988,25.98,4600,2,0
144857580,0,9892164,9895330,25.98,8300,2,0
144857900,0,9892164,9895494,25.98,2000,2,0
144858660,0,9895990,9879449,25.99,100,1,0
144858660,0,9895991,9879449,25.99,100,1,0
144858660,0,9895992,9879449,25.99,100,1,0
144858660,0,9895994,9879449,25.99,100,1,0
144858660,0,9895996,9879449,25.99,100,1,0
144858700,0,9896022,9879449,25.99,200,1,0
144858700,0,9896022,9880829,25.99,100,1,0
144858700,0,9896022,9883919,25.99,300,1,0
144858700,0,9896025,9883919,25.99,100,1,0
144859620,0,9896627,9883919,25.99,500,1,0
144900250,0,9897056,9885745,25.99,900,1,0
144900410,0,9897193,9885745,25.99,100,1,0
144900910,0,9897576,9885745,25.99,100,1,0
144901180,0,9897761,9885745,25.99,200,1,0
144901880,0,9898319,9885745,25.99,1000,1,0
144901980,0,9898386,9885745,25.99,1500,1,0
144901990,0,9898394,9885745,25.99,1400,1,0
144902150,0,9898541,9885745,25.99,3000,1,0
144902150,0,9898541,9887311,25.99,500,1,0
144902150,0,9898541,9889376,25.99,500,1,0
144902150,0,9898541,9889464,25.99,500,1,0
144902150,0,9898541,9894147,25.99,200,1,0
144902150,0,9898541,9895283,25.99,2800,1,0
144902150,0,9898541,9896351,25.99,800,1,0
144902150,0,9898541,9896679,25.99,1100,1,0
144902150,0,9898541,9898108,25.99,500,1,0
144902540,0,9898541,9898827,25.99,1800,2,0
144902870,0,9898679,9899054,25.99,440,2,0
144903270,0,9898679,9899327,25.99,500,2,0
144904400,0,9900340,9866130,26.0,1500,1,0
144904400,0,9900340,9866146,26.0,1000,1,0
144904400,0,9900340,9866300,26.0,500,1,0
144904400,0,9900340,9867498,26.0,400,1,0
144904400,0,9900340,9868201,26.0,600,1,0
144904400,0,9900340,9876406,26.0,900,1,0
144904790,0,9898679,9900668,25.99,100,2,0
144905720,0,9898679,9901372,25.99,100,2,0
144906930,0,9902255,9902237,25.99,100,1,0
144908040,0,9902559,9903075,25.99,2760,2,0
144908410,0,9903335,9903075,25.99,100,1,0
144908570,0,9903427,9903075,25.99,140,1,0
144910940,0,9903599,9905119,25.99,540,2,0
144911350,0,9903599,9905386,25.99,460,2,0
144911350,0,9903745,9905386,25.99,40,2,0
144912160,0,9903745,9905933,25.99,60,2,0
144912160,0,9904990,9905933,25.99,240,2,0
144912920,0,9905923,9906499,25.99,300,2,0
144914290,0,9907424,9876912,26.0,400,1,0
144914410,0,9905923,9907509,25.99,900,2,0
144914590,0,9907506,9907600,25.99,140,2,0
144915970,0,9907506,9908532,25.99,360,2,0
144915970,0,9907760,9908532,25.99,140,2,0
144916850,0,9907760,9909207,25.99,800,2,0
144917540,0,9907760,9909685,25.99,100,2,0
144919740,0,9911129,9876912,26.0,600,1,0
144921270,0,9907809,9912221,25.99,700,2,0
144921820,0,9910467,9912590,25.99,1100,2,0
144922180,0,9910630,9912835,25.99,200,2,0
144925270,0,9911312,9914991,25.99,500,2,0
144925770,0,9892164,9915361,25.98,600,2,0
144927030,0,9916130,9914991,25.99,100,1,0
144928430,0,9917178,9914991,25.99,900,1,0
144928660,0,9892164,9917295,25.98,500,2,0
144930570,0,9918505,9916384,25.99,900,1,0
144931690,0,9918759,9919337,25.99,60,2,0
144931700,0,9919343,9919337,25.99,40,1,0
144931700,0,9919343,9919338,25.99,60,1,0
144932570,0,9919911,9919593,25.99,260,1,0
144942330,0,9925463,9919594,25.99,2000,1,0
144948750,0,9929099,9929356,25.99,2860,2,0
144948750,0,9892164,9929356,25.98,2140,2,0
144949830,0,9929987,9929947,25.99,100,1,0
144950280,0,9930258,9929947,25.99,900,1,0
144954100,0,9930683,9932668,25.99,500,2,0
144956190,0,9934100,9876912,26.0,5000,1,0
144956440,0,9930683,9934263,25.99,100,2,0
144957800,0,9935114,9876912,26.0,500,1,0
144958440,0,9930683,9935544,25.99,4500,2,0
144958460,0,9930683,9935551,25.99,500,2,0
144958460,0,9931278,9935551,25.99,3000,2,0
144958460,0,9931775,9935551,25.99,1000,2,0
144958460,0,9932612,9935551,25.99,6000,2,0
144958460,0,9933161,9935551,25.99,4500,2,0
144958710,0,9933161,9935780,25.99,600,2,0
145000900,0,9933161,9937698,25.99,1000,2,0
145002080,0,9939327,9876912,26.0,100,1,0
145002360,0,9933161,9939673,25.99,100,2,0
145002420,0,9937680,9939765,25.99,300,2,0
145003350,0,9937680,9940954,25.99,2500,2,0
145003380,0,9937680,9941000,25.99,1400,2,0
145003380,0,9937729,9941000,25.99,2000,2,0
145003380,0,9937899,9941000,25.99,4600,2,0
145004430,0,9942266,9941000,25.99,2000,1,0
145006290,0,9892164,9944115,25.98,700,2,0
145006440,0,9892761,9944239,25.98,2000,2,0
145006440,0,9895680,9944239,25.98,1000,2,0
145006440,0,9905187,9944239,25.98,1000,2,0
145006440,0,9915377,9944239,25.98,200,2,0
145006440,0,9919984,9944239,25.98,40,2,0
145006550,0,9944313,9941000,25.99,100,1,0
145007800,0,9921773,9945437,25.98,40,2,0
145009300,0,9921773,9946706,25.98,500,2,0
145010810,0,9921789,9948563,25.98,40,2,0
145012030,0,9921789,9949680,25.98,60,2,0
145012030,0,9922028,9949680,25.98,140,2,0
145012320,0,9922028,9949891,25.98,600,2,0
145014870,0,9922028,9952707,25.98,260,2,0
145014870,0,9922728,9952707,25.98,300,2,0
145014870,0,9923133,9952707,25.98,200,2,0
145014870,0,9926239,9952707,25.98,340,2,0
145016260,0,9926239,9953910,25.98,460,2,0
145016260,0,9926410,9953910,25.98,400,2,0
145016260,0,9928480,9953910,25.98,1140,2,0
145016280,0,9953930,9941000,25.99,500,1,0
145016430,0,9928480,9954092,25.98,560,2,0
145016430,0,9935242,9954092,25.98,500,2,0
145016630,0,9954255,9941000,25.99,200,1,0
145016800,0,9945460,9954423,25.98,200,2,0
145018340,0,9955778,9941000,25.99,200,1,0
145018680,0,9945460,9956036,25.98,1019,2,0
145018710,0,9948984,9956051,25.98,419,2,0
145019960,0,9949689,9957008,25.98,119,2,0
145019960,0,9950498,9957008,25.98,381,2,0
145020120,0,9950498,9957151,25.98,19,2,0
145020120,0,9950543,9957151,25.98,81,2,0
145020600,0,9950543,9957595,25.98,19,2,0
145020600,0,9952532,9957595,25.98,300,2,0
145020600,0,9953107,9957595,25.98,181,2,0
145020660,0,9953107,9957635,25.98,319,2,0
145020660,0,9953669,9957635,25.98,2000,2,0
145020660,0,9953911,9957635,25.98,681,2,0
145022210,0,9953911,9959033,25.98,1500,2,0
145023160,0,9953911,9959749,25.98,500,2,0
145023300,0,9959872,9941000,25.99,300,1,0
145023460,0,9953911,9959977,25.98,319,2,0
145023460,0,9955263,9959977,25.98,200,2,0
145023460,0,9955298,9959977,25.98,100,2,0
145023460,0,9955964,9959977,25.98,1000,2,0
145023460,0,9957732,9959977,25.98,300,2,0
145024080,0,9960513,9941000,25.99,100,1,0
145024080,0,9960513,9941161,25.99,200,1,0
145024080,0,9960513,9942279,25.99,200,1,0
145024080,0,9960513,9942746,25.99,200,1,0
145024080,0,9960513,9946707,25.99,1300,1,0
145024200,0,9957801,9960650,25.98,200,2,0
145024300,0,9957801,9960717,25.98,719,2,0
145024300,0,9957818,9960717,25.98,3381,2,0
145024910,0,9957818,9961210,25.98,319,2,0
145024910,0,9959085,9961210,25.98,281,2,0
145025930,0,9959085,9962013,25.98,219,2,0
145025930,0,9959232,9962013,25.98,781,2,0
145027950,0,9963684,9946707,25.99,800,1,0
145028720,0,9964348,9947298,25.99,100,1,0
145030160,0,9959232,9965480,25.98,200,2,0
145030400,0,9959232,9965719,25.98,100,2,0
145030470,0,9959232,9965778,25.98,19,2,0
145030470,0,9960070,9965778,25.98,3700,2,0
145030470,0,9960332,9965778,25.98,1281,2,0
145030580,0,9965851,9947298,25.99,5400,1,0
145031100,0,9966291,9947298,25.99,1000,1,0
145032410,0,9960332,9967537,25.98,119,2,0
145032410,0,9960885,9967537,25.98,3781,2,0
145034100,0,9969045,9947298,25.99,100,1,0
145034100,0,9969045,9947371,25.99,100,1,0
145034110,0,9969056,9947471,25.99,400,1,0
145034660,0,9960885,9969653,25.98,100,2,0
145034660,0,9960885,9969654,25.98,200,2,0
145034660,0,9960885,9969655,25.98,100,2,0
145034660,0,9960885,9969656,25.98,100,2,0
145034660,0,9960885,9969657,25.98,100,2,0
145035160,0,9970051,9947471,25.99,100,1,0
145035760,0,9970541,9947471,25.99,300,1,0
145038840,0,9973169,9947471,25.99,200,1,0
145038930,0,9960885,9973220,25.98,500,2,0
145039140,0,9973389,9947471,25.99,7700,1,0
145039500,0,9960885,9973716,25.98,600,2,0
145039680,0,9973832,9947471,25.99,1000,1,0
145040590,0,9960885,9974548,25.98,200,2,0
145040710,0,9974615,9947471,25.99,3100,1,0
145040710,0,9974616,9947471,25.99,3200,1,0
145040710,0,9974616,9948574,25.99,100,1,0
145040710,0,9974616,9950344,25.99,200,1,0
145040710,0,9974616,9953105,25.99,1800,1,0
145040710,0,9974616,9953681,25.99,600,1,0
145040710,0,9974616,9957706,25.99,100,1,0
145040710,0,9974616,9960867,25.99,20000,1,0
145040710,0,9974616,9963248,25.99,200,1,0
145040920,0,9974860,9963248,25.99,600,1,0
145041170,0,9975059,9963726,25.99,100,1,0
145041200,0,9975083,9963726,25.99,100,1,0
145044150,0,9977461,9966957,25.99,100,1,0
145044150,0,9977461,9969906,25.99,400,1,0
145044450,0,9977666,9969906,25.99,100,1,0
145044450,0,9977666,9970283,25.99,400,1,0
145047310,0,9961058,9979846,25.98,500,2,0
145047310,0,9964416,9979846,25.98,100,2,0
145047310,0,9967314,9979846,25.98,200,2,0
145047920,0,9969052,9980383,25.98,100,2,0
145048190,0,9980645,9970283,25.99,400,1,0
145048270,0,9969052,9980721,25.98,2619,2,0
145048270,0,9969556,9980721,25.98,1000,2,0
145048270,0,9972187,9980721,25.98,700,2,0
145048270,0,9972202,9980721,25.98,100,2,0
145048270,0,9973224,9980721,25.98,1000,2,0
145048270,0,9973245,9980721,25.98,81,2,0
145048590,0,9980981,9970283,25.99,500,1,0
145050450,0,9973245,9982461,25.98,19,2,0
145050450,0,9973284,9982461,25.98,481,2,0
145050550,0,9973284,9982533,25.98,300,2,0
145051500,0,9973284,9983240,25.98,500,2,0
145052030,0,9973284,9983608,25.98,719,2,0
145052030,0,9973877,9983608,25.98,1281,2,0
145052460,0,9983907,9970283,25.99,100,1,0
145052670,0,9973877,9984144,25.98,100,2,0
145052670,0,9973877,9984145,25.98,100,2,0
145052720,0,9984194,9970283,25.99,100,1,0
145053600,0,9974790,9985102,25.98,500,2,0
145053600,0,9978062,9985102,25.98,81,2,0
145055710,0,9986720,9972155,25.99,100,1,0
145057010,0,9987741,9972155,25.99,300,1,0
145057330,0,9982550,9987972,25.98,119,2,0
145057330,0,9983401,9987972,25.98,500,2,0
145059000,0,9989115,9972155,25.99,200,1,0
145059000,0,9989115,9976087,25.99,500,1,0
145059000,0,9989115,9976144,25.99,1800,1,0
145059080,0,9989172,9978456,25.99,2100,1,0
145059620,0,9989603,9979712,25.99,100,1,0
145102730,0,9992957,9982266,25.99,300,1,0
145102730,0,9992957,9982551,25.99,700,1,0
145104470,0,9983490,9995000,25.98,219,2,0
145104470,0,9984064,9995000,25.98,181,2,0
145105480,0,9996198,9986054,25.99,100,1,0
145106120,0,9996917,9986054,25.99,700,1,0
145106840,0,9984064,9997734,25.98,219,2,0
145106840,0,9984203,9997734,25.98,100,2,0
145106840,0,9987473,9997734,25.98,181,2,0
145107030,0,9988328,9997932,25.98,219,2,0
145107030,0,9988877,9997932,25.98,100,2,0
145107030,0,9989619,9997932,25.98,400,2,0
145107030,0,9989976,9997932,25.98,500,2,0
145107030,0,9994768,9997932,25.98,1600,2,0
145107030,0,9997120,9997932,25.98,181,2,0
145107650,0,9998463,9998195,25.98,300,1,0
145107730,0,7812681,9998558,25.97,100,2,0
145108200,0,9998632,9999124,25.98,100,2,0
145108370,0,9999289,9986626,25.99,300,1,0
145108370,0,9999289,9987161,25.99,500,1,0
145108370,0,9999289,9989029,25.99,200,1,0
145108370,0,9999289,9989264,25.99,500,1,0
145108370,0,9999289,9989725,25.99,400,1,0
145108370,0,9999289,9989757,25.99,800,1,0
145108370,0,9999289,9991070,25.99,100,1,0
145109330,0,9998632,10000358,25.98,300,2,0
145109470,0,9998632,10000664,25.98,900,2,0
145111430,0,9998632,10003033,25.98,200,2,0
145111890,0,10003578,9991856,25.99,400,1,0
145112870,0,9998632,10004503,25.98,1419,2,0
145112870,0,9999397,10004503,25.98,1000,2,0
145112870,0,10000027,10004503,25.98,100,2,0
145112870,0,10001740,10004503,25.98,100,2,0
145112870,0,7812681,10004503,25.97,281,2,0
145113100,0,10004666,9991856,25.99,200,1,0
145113730,0,7812681,10005169,25.97,200,2,0
145113780,0,8534525,10005217,25.97,181,2,0
145114620,0,10006232,10004913,25.98,100,1,0
145114840,0,10006469,10004913,25.98,200,1,0
145115220,0,10006786,10004913,25.98,4000,1,0
145115480,0,10007012,10004913,25.98,600,1,0
145115480,0,10007012,10005870,25.98,400,1,0
145115500,0,10007030,10005870,25.98,100,1,0
145115500,0,10007030,10006221,25.98,600,1,0
145116160,0,8534525,10007646,25.97,19,2,0
145116160,0,9255811,10007646,25.97,981,2,0
145116180,0,10007675,10006221,25.98,100,1,0
145119830,0,10011042,10007655,25.98,800,1,0
145119830,0,10011042,10008073,25.98,400,1,0
145120850,0,9255811,10011979,25.97,19,2,0
145120850,0,9761434,10011979,25.97,81,2,0
145121520,0,10012558,10008300,25.98,200,1,0
145122620,0,10013444,10013554,25.98,1700,2,0
145123220,0,9761434,10014041,25.97,319,2,0
145123220,0,9807384,10014041,25.97,281,2,0
145123590,0,9807384,10014331,25.97,600,2,0
145128660,0,9848511,10018538,25.97,2681,2,0
145128930,0,9848511,10018744,25.97,600,2,0
145131800,0,9848511,10020979,25.97,500,2,0
145132250,0,9848511,10021328,25.97,15719,2,0
145132250,0,9879031,10021328,25.97,300,2,0
145132270,0,9923869,10021343,25.97,381,2,0
145132360,0,10021415,10015944,25.98,100,1,0
145132440,0,9923869,10021473,25.97,400,2,0
145134690,0,9923869,10023251,25.97,100,2,0
145134720,0,9923869,10023272,25.97,100,2,0
145134720,0,9923869,10023273,25.97,100,2,0
145134720,0,9923869,10023275,25.97,100,2,0
145134730,0,9923869,10023283,25.97,119,2,0
145134730,0,9927072,10023283,25.97,81,2,0
145134840,0,10023358,10015944,25.98,700,1,0
145134840,0,10023358,10016110,25.98,100,1,0
145134840,0,10023358,10016338,25.98,500,1,0
145134840,0,10023358,10016469,25.98,200,1,0
145136250,0,10024526,10016469,25.98,600,1,0
145137840,0,10025751,10020971,25.98,100,1,0
145138280,0,9927072,10026126,25.97,500,2,0
145138350,0,9946326,10026205,25.97,100,2,0
145138540,0,9947986,10026354,25.97,500,2,0
145139030,0,10026759,10020971,25.98,400,1,0
145139030,0,10026759,10021233,25.98,500,1,0
145139030,0,10026759,10021755,25.98,3000,1,0
145139030,0,10026759,10021756,25.98,2500,1,0
145139030,0,10026759,10022023,25.98,900,1,0
145139030,0,10026759,10022300,25.98,1000,1,0
145139030,0,10026759,10022745,25.98,1200,1,0
145139030,0,10026759,10025299,25.98,500,1,0
145148940,0,10027613,10033614,25.98,500,2,0
145149340,0,10027613,10033920,25.98,100,2,0
145149890,0,10027613,10034310,25.98,500,2,0
145153140,0,10027613,10036694,25.98,1900,2,0
145153140,0,10028711,10036694,25.98,100,2,0
145153140,0,10033314,10036694,25.98,1000,2,0
145156490,0,10039263,10036694,25.98,1000,1,0
145156880,0,10039523,10036694,25.98,2000,1,0
145157630,0,9954868,10040011,25.97,19,2,0
145157630,0,9957270,10040011,25.97,100,2,0
145157630,0,9957922,10040011,25.97,1300,2,0
145157630,0,9962176,10040011,25.97,3700,2,0
145157630,0,9965134,10040011,25.97,500,2,0
145157630,0,9988577,10040011,25.97,300,2,0
145157630,0,9995579,10040011,25.97,1000,2,0
145157630,0,9998820,10040011,25.97,1281,2,0
145157650,0,9998820,10040023,25.97,100,2,0
145157650,0,9998820,10040026,25.97,100,2,0
145158240,0,10040372,10036694,25.98,100,1,0
145158400,0,9998820,10040496,25.97,500,2,0
145158550,0,9998820,10040585,25.97,500,2,0
145158970,0,10040865,10036694,25.98,200,1,0
145159010,0,9998820,10040895,25.97,100,2,0
145159110,0,10040934,10036694,25.98,3000,1,0
145159900,0,9998820,10041519,25.97,500,2,0
145200350,0,10041859,10036694,25.98,500,1,0
145201000,0,9998820,10042373,25.97,19,2,0
145201190,0,10009064,10042529,25.97,119,2,0
145201190,0,10014244,10042529,25.97,100,2,0
145201190,0,10014701,10042529,25.97,200,2,0
145201190,0,10017665,10042529,25.97,81,2,0
145201550,0,10042840,10036694,25.98,100,1,0
145201940,0,10017665,10043179,25.97,800,2,0
145201970,0,10043208,10036694,25.98,100,1,0
145202500,0,10021264,10043739,25.97,281,2,0
145202590,0,10043797,10036694,25.98,1500,1,0
145203320,0,10021264,10044259,25.97,19,2,0
145203320,0,10021435,10044259,25.97,481,2,0
145203870,0,10026055,10044694,25.97,300,2,0
145203870,0,10029936,10044694,25.97,300,2,0
145203870,0,10040978,10044694,25.97,100,2,0
145204080,0,10044872,10044694,25.97,1000,1,0
145204310,0,10045123,10044694,25.97,300,1,0
145204500,0,10045297,10044694,25.97,500,1,0
145204700,0,6187282,10045472,25.96,500,2,0
145204810,0,7930914,10045553,25.96,100,2,0
145204810,0,8050937,10045553,25.96,400,2,0
145204870,0,10045608,10044694,25.97,981,1,0
145204870,0,10045608,10045554,25.97,19,1,0
145206720,0,10047300,10045959,25.97,600,1,0
145206970,0,10047496,10045959,25.97,100,1,0
145211190,0,8050937,10050664,25.96,2000,2,0
145211190,0,9105223,10050664,25.96,300,2,0
145211190,0,9311679,10050664,25.96,200,2,0
145211620,0,10051048,10045978,25.97,100,1,0
145212860,0,10051982,10045978,25.97,100,1,0
145212870,0,10051997,10045978,25.97,200,1,0
145214590,0,10053339,10047830,25.97,1000,1,0
145216170,0,9311679,10054592,25.96,300,2,0
145216180,0,10054604,10052184,25.97,200,1,0
145216710,0,10055004,10052184,25.97,100,1,0
145217100,0,10055255,10052184,25.97,100,1,0
145217210,0,9311679,10055351,25.96,600,2,0
145217350,0,10055440,10052184,25.97,500,1,0
145218450,0,10056238,10052184,25.97,100,1,0
145219370,0,9311679,10056788,25.96,1500,2,0
145219690,0,10057064,10052184,25.97,100,1,0
145221100,0,9826583,10058063,25.96,400,2,0
145222050,0,9846557,10058793,25.96,200,2,0
145222720,0,9846557,10059335,25.96,100,2,0
145222720,0,9888938,10059335,25.96,400,2,0
145223790,0,9892920,10059994,25.96,100,2,0
145225180,0,9903623,10060869,25.96,300,2,0
145225990,0,10061398,10053021,25.97,500,1,0
145228110,0,10019734,10063149,25.96,100,2,0
145228680,0,10019734,10063590,25.96,100,2,0
145229370,0,10019734,10064075,25.96,100,2,0
145230070,0,10064494,10054530,25.97,100,1,0
145231000,0,10019734,10065183,25.96,700,2,0
145231550,0,10065733,10054530,25.97,900,1,0
145231550,0,10065733,10056011,25.97,900,1,0
145231550,0,10065733,10057108,25.97,100,1,0
145231550,0,10065733,10057587,25.97,200,1,0
145231690,0,10065958,10057587,25.97,4400,1,0
145232110,0,10022162,10066308,25.96,400,2,0
145232110,0,10022203,10066308,25.96,500,2,0
145232110,0,10023293,10066308,25.96,100,2,0
145232110,0,10023929,10066308,25.96,500,2,0
145232110,0,10024520,10066308,25.96,700,2,0
145232120,0,10024520,10066330,25.96,200,2,0
145234880,0,10024520,10068681,25.96,1000,2,0
145235390,0,10024520,10069105,25.96,900,2,0
145236040,0,10069649,10057587,25.97,1000,1,0
145236350,0,10069941,10057587,25.97,3000,1,0
145236700,0,10042258,10070238,25.96,3700,2,0
145236700,0,10044983,10070238,25.96,500,2,0
145238740,0,10058438,10071746,25.96,400,2,0
145238740,0,10058455,10071746,25.96,200,2,0
145239130,0,10058455,10072022,25.96,500,2,0
145240840,0,10073272,10057587,25.97,200,1,0
145241170,0,10073519,10057587,25.97,500,1,0
145241410,0,10058455,10073724,25.96,100,2,0
145241520,0,10073790,10057587,25.97,1800,1,0
145241590,0,10058455,10073839,25.96,200,2,0
145241590,0,10059695,10073839,25.96,300,2,0
145241590,0,10061668,10073839,25.96,100,2,0
145241590,0,10062676,10073839,25.96,100,2,0
145241700,0,10073912,10057587,25.97,200,1,0
145241730,0,10073943,10057587,25.97,100,1,0
145243070,0,10066376,10075031,25.96,200,2,0
145243770,0,10066860,10075566,25.96,100,2,0
145243770,0,10067468,10075566,25.96,100,2,0
145244640,0,10067676,10076260,25.96,800,2,0
145246720,0,10077889,10057587,25.97,100,1,0
145249250,0,10079668,10057587,25.97,500,1,0
145250340,0,10075372,10080488,25.96,700,2,0
145254050,0,10076473,10083346,25.96,2100,2,0
145255040,0,10084077,10057587,25.97,100,1,0
145255370,0,10084345,10058078,25.97,800,1,0
145255450,0,10076473,10084405,25.96,600,2,0
145255960,0,10076473,10084795,25.96,200,2,0
145257500,0,10085996,10059337,25.97,600,1,0
145257670,0,10086097,10059596,25.97,500,1,0
145257670,0,10086097,10060245,25.97,200,1,0
145257790,0,10076473,10086161,25.96,500,2,0
145258400,0,10076473,10086755,25.96,200,2,0
145258640,0,10076473,10086937,25.96,300,2,0
145300590,0,10088775,10066382,25.97,500,1,0
145300590,0,10088775,10068975,25.97,500,1,0
145300590,0,10088775,10074820,25.97,200,1,0
145300890,0,10089254,10077653,25.97,100,1,0
145300910,0,10089294,10077981,25.97,100,1,0
145301050,0,10076473,10089488,25.96,200,2,0
145301850,0,10090455,10081506,25.97,1000,1,0
145302740,0,10078073,10091588,25.96,1000,2,0
145302740,0,10081469,10091588,25.96,100,2,0
145302740,0,10082157,10091588,25.96,600,2,0
145302740,0,10086247,10091588,25.96,100,2,0
145303030,0,10091792,10091588,25.96,400,1,0
145304470,0,10093177,10091588,25.96,800,1,0
145306280,0,10094808,10091588,25.96,100,1,0
145308090,0,10096421,10091665,25.96,3000,1,0
145308380,0,10096705,10091665,25.96,200,1,0
145308500,0,10096839,10091665,25.96,3500,1,0
145309360,0,10097566,10091665,25.96,500,1,0
145309570,0,10097738,10091665,25.96,300,1,0
145310700,0,10098727,10093391,25.96,700,1,0
145310700,0,10098727,10096773,25.96,3700,1,0
145310920,0,307860,10098854,25.95,200,2,0
145311140,0,10099024,10096773,25.96,300,1,0
145312190,0,10099951,10096773,25.96,100,1,0
145312780,0,10100400,10096773,25.96,200,1,0
145312870,0,307860,10100475,25.95,700,2,0
145313710,0,10101093,10096773,25.96,100,1,0
145313710,0,10101094,10096773,25.96,100,1,0
145313710,0,10101095,10096773,25.96,100,1,0
145313710,0,10101096,10096773,25.96,100,1,0
145313710,0,10101097,10096773,25.96,100,1,0
145313710,0,10101098,10096773,25.96,100,1,0
145313710,0,10101099,10096773,25.96,100,1,0
145313710,0,10101100,10096773,25.96,200,1,0
145313710,0,10101105,10096773,25.96,100,1,0
145313720,0,10101110,10096773,25.96,100,1,0
145313890,0,10101221,10096773,25.96,100,1,0
145313890,0,307860,10101251,25.95,500,2,0
145314140,0,10101431,10096773,25.96,100,1,0
145314290,0,10101554,10096773,25.96,1300,1,0
145314610,0,10101818,10096773,25.96,2000,1,0
145314630,0,10101836,10096773,25.96,500,1,0
145315410,0,307860,10102360,25.95,1900,2,0
145317230,0,10103595,10096773,25.96,100,1,0
145318220,0,10104358,10096773,25.96,900,1,0
145318220,0,10104358,10096805,25.96,200,1,0
145319830,0,10105569,10096805,25.96,400,1,0
145320750,0,10106281,10096805,25.96,200,1,0
145320900,0,10106377,10096805,25.96,200,1,0
145323050,0,7073112,10107796,25.95,200,2,0
145323050,0,7142547,10107796,25.95,400,2,0
145323050,0,7314987,10107796,25.95,100,2,0
145323050,0,7837959,10107796,25.95,200,2,0
145323050,0,8861750,10107796,25.95,200,2,0
145323050,0,9050006,10107796,25.95,200,2,0
145323940,0,10108385,10099348,25.96,1000,1,0
145324170,0,9050006,10108578,25.95,200,2,0
145324170,0,9065393,10108578,25.95,500,2,0
145324170,0,9072422,10108578,25.95,600,2,0
145324170,0,9118413,10108578,25.95,100,2,0
145324620,0,9118413,10108914,25.95,100,2,0
145324620,0,9754019,10108914,25.95,400,2,0
145324620,0,9787687,10108914,25.95,900,2,0
145324920,0,10109163,10100522,25.96,200,1,0
145324920,0,10109163,10101293,25.96,3600,1,0
145326750,0,9819665,10110519,25.95,200,2,0
145326750,0,9858854,10110519,25.95,100,2,0
145326970,0,9858854,10110656,25.95,800,2,0
145328650,0,10111892,10101293,25.96,100,1,0
145328890,0,10112019,10101293,25.96,100,1,0
145329470,0,10112389,10101293,25.96,1000,1,0
145330930,0,9870147,10113317,25.95,300,2,0
145330930,0,9873727,10113317,25.95,400,2,0
145330930,0,9875548,10113317,25.95,1000,2,0
145330930,0,9890841,10113317,25.95,500,2,0
145330930,0,9893642,10113317,25.95,200,2,0
145330930,0,9895246,10113317,25.95,600,2,0
145330930,0,9898290,10113317,25.95,500,2,0
145330930,0,9898372,10113317,25.95,1000,2,0
145330930,0,9899153,10113317,25.95,500,2,0
145331080,0,10113411,10101293,25.96,100,1,0
145331330,0,10113615,10101293,25.96,1000,1,0
145335210,0,9899153,10116248,25.95,800,2,0
145335490,0,10116435,10101293,25.96,200,1,0
145336690,0,10117230,10101293,25.96,500,1,0
145336850,0,10117331,10101293,25.96,1300,1,0
145336850,0,10117331,10106024,25.96,200,1,0
145336850,0,10117331,10111840,25.96,400,1,0
145336850,0,10117331,10112567,25.96,100,1,0
145336850,0,10117331,10113107,25.96,500,1,0
145336850,0,10117331,10113918,25.96,200,1,0
145336850,0,10117331,10116454,25.96,800,1,0
145340490,0,10119783,10081626,25.97,100,1,0
145342560,0,10118829,10121176,25.96,200,2,0
145344930,0,10122700,10122748,25.96,900,2,0
145347850,0,10124579,10081626,25.97,200,1,0
145347940,0,10124067,10124632,25.96,2000,2,0
145352040,0,10125433,10127419,25.96,1500,2,0
145352480,0,10125899,10127722,25.96,100,2,0
145352540,0,10127309,10127751,25.96,1100,2,0
145353060,0,10128135,10127751,25.96,100,1,0
145354120,0,10128817,10127751,25.96,400,1,0
145355690,0,9899153,10129903,25.95,100,2,0
145355830,0,9899153,10129993,25.95,500,2,0
145356560,0,9901680,10130497,25.95,100,2,0
145356560,0,9903485,10130497,25.95,100,2,0
145357990,0,9903939,10131444,25.95,500,2,0
145358120,0,10131537,10127751,25.96,100,1,0
145358330,0,10131683,10127751,25.96,2700,1,0
145359160,0,10132187,10127850,25.96,100,1,0
145400210,0,10132934,10129722,25.96,200,1,0
145401730,0,9919468,10134198,25.95,100,2,0
145402810,0,9919468,10135084,25.95,200,2,0
145403000,0,9922296,10135213,25.95,200,2,0
145403000,0,9991369,10135213,25.95,500,2,0
145403000,0,10057728,10135213,25.95,100,2,0
145403000,0,10064124,10135213,25.95,600,2,0
145403280,0,10135435,10129722,25.96,300,1,0
145405080,0,10136890,10129722,25.96,100,1,0
145405080,0,10136890,10129949,25.96,500,1,0
145405870,0,10072691,10137532,25.95,200,2,0
145406010,0,10137628,10129949,25.96,100,1,0
145406670,0,10138214,10129949,25.96,500,1,0
145406670,0,10138214,10130530,25.96,600,1,0
145407750,0,10138996,10130530,25.96,600,1,0
145407750,0,10138996,10134672,25.96,100,1,0
145407870,0,10072691,10139067,25.95,100,2,0
145408110,0,10139249,10136686,25.96,600,1,0
145408110,0,10139249,10137101,25.96,500,1,0
145408110,0,10139249,10137753,25.96,500,1,0
145408110,0,10139249,10138297,25.96,400,1,0
145410360,0,10141101,10138602,25.96,1000,1,0
145410710,0,10141426,10138602,25.96,4500,1,0
145413690,0,10143563,10142222,25.96,5800,1,0
145413690,0,10143563,10142308,25.96,100,1,0
145413690,0,10143565,10142985,25.96,200,1,0
145413790,0,10143565,10143625,25.96,100,2,0
145413920,0,10143565,10143701,25.96,900,2,0
145413920,0,10143566,10143701,25.96,100,2,0
145413940,0,10143649,10143713,25.96,1100,2,0
145417640,0,10146347,10084406,25.97,2700,1,0
145420280,0,10144959,10148180,25.96,600,2,0
145420620,0,10148444,10148180,25.96,1500,1,0
145420960,0,10148650,10148180,25.96,400,1,0
145421420,0,10148946,10148180,25.96,300,1,0
145422080,0,10149444,10148180,25.96,600,1,0
145422080,0,10149444,10149244,25.96,200,1,0
145422080,0,10149444,10149426,25.96,1800,1,0
145422080,0,10149444,10090358,25.97,200,1,0
145422080,0,10149444,10092339,25.97,500,1,0
145422080,0,10149444,10097527,25.97,800,1,0
145422080,0,10149444,10099442,25.97,400,1,0
145422080,0,10149444,10100581,25.97,100,1,0
145422080,0,10149444,10101918,25.97,200,1,0
145422080,0,10149444,10117907,25.97,200,1,0
145422680,0,10072691,10149951,25.95,200,2,0
145423230,0,10150339,10150276,25.96,100,1,0
145424390,0,10151117,10150839,25.96,600,1,0
145425240,0,10151393,10151755,25.96,1000,2,0
145425240,0,10072691,10151755,25.95,800,2,0
145425240,0,10073433,10151755,25.95,200,2,0
145425760,0,10151769,10152135,25.96,200,2,0
145425920,0,10151769,10152254,25.96,300,2,0
145425920,0,10073433,10152254,25.95,602,2,0
145425970,0,10073433,10152316,25.95,100,2,0
145429920,0,10153089,10154828,25.96,500,2,0
145431250,0,10153704,10155819,25.96,100,2,0
145431760,0,10155041,10156136,25.96,500,2,0
145431800,0,10156154,10117907,25.97,700,1,0
145432110,0,10075666,10156348,25.95,2,2,0
145432660,0,10156719,10156320,25.96,100,1,0
145434250,0,10157439,10157696,25.96,900,2,0
145434590,0,10157939,10124388,25.97,500,1,0
145434590,0,10157939,10154740,25.97,500,1,0
145435930,0,10157439,10158780,25.96,1000,2,0
145436760,0,10157439,10159415,25.96,300,2,0
145438060,0,10157439,10160639,25.96,100,2,0
145438470,0,10157439,10160944,25.96,200,2,0
145438470,0,10157772,10160944,25.96,500,2,0
145438470,0,10160128,10160944,25.96,200,2,0
145438470,0,10160146,10160944,25.96,200,2,0
145438470,0,10160168,10160944,25.96,400,2,0
145438470,0,10075666,10160944,25.95,100,2,0
145440900,0,10161292,10162832,25.96,1000,2,0
145442300,0,10163880,10162832,25.96,100,1,0
145442300,0,10163880,10163404,25.96,3900,1,0
145442720,0,10164168,10163404,25.96,3000,1,0
145443780,0,10164912,10165037,25.96,100,2,0
145444140,0,10164986,10165290,25.96,100,2,0
145444390,0,10164987,10165478,25.96,100,2,0
145445710,0,10165079,10166467,25.96,400,2,0
145446130,0,10166759,10166467,25.96,1000,1,0
145449760,0,10075666,10169320,25.95,298,2,0
145450750,0,10170041,10166841,25.96,900,1,0
145453270,0,10171739,10168755,25.96,200,1,0
145453620,0,10089475,10171971,25.95,200,2,0
145453620,0,10105060,10171971,25.95,300,2,0
145453620,0,10105671,10171971,25.95,1602,2,0
145453900,0,10105671,10172119,25.95,1398,2,0
145454710,0,10172535,10172572,25.96,300,2,0
145456230,0,10172535,10173529,25.96,100,2,0
145457320,0,10172535,10174149,25.96,3200,2,0
145457920,0,10172535,10174482,25.96,2800,2,0
145457920,0,10172644,10174482,25.96,1500,2,0
145457920,0,10172969,10174482,25.96,300,2,0
145457920,0,10173060,10174482,25.96,100,2,0
145500230,0,10176284,10158372,25.97,200,1,0
145501320,0,10173075,10177657,25.96,700,2,0
145501710,0,10178191,10158372,25.97,2700,1,0
145501840,0,10178356,10172897,25.97,1300,1,0
145502440,0,10178356,10179217,25.97,100,2,0
145502930,0,10178356,10179740,25.97,1100,2,0
145503460,0,10178356,10180251,25.97,100,2,0
145504140,0,10178356,10180808,25.97,300,2,0
145504320,0,10179976,10180981,25.97,500,2,0
145505780,0,10180511,10182226,25.97,100,2,0
145505810,0,10180511,10182247,25.97,200,2,0
145505970,0,10182369,10040866,25.98,200,1,0
145508350,0,10180511,10184229,25.97,100,2,0
145508780,0,10180511,10184533,25.97,300,2,0
145510250,0,10180511,10185715,25.97,200,2,0
145513780,0,10180511,10188642,25.97,100,2,0
145514180,0,10180511,10188949,25.97,200,2,0
145514180,0,10183586,10188949,25.97,100,2,0
145514460,0,10183586,10189155,25.97,100,2,0
145515490,0,10183586,10189941,25.97,300,2,0
145515490,0,10184110,10189941,25.97,200,2,0
145515600,0,10189989,10040866,25.98,1700,1,0
145515600,0,10189989,10042153,25.98,500,1,0
145515600,0,10189989,10043216,25.98,1100,1,0
145516670,0,10185746,10190717,25.97,100,2,0
145517190,0,10185798,10191049,25.97,100,2,0
145517470,0,10190912,10191218,25.97,100,2,0
145517490,0,10190912,10191240,25.97,100,2,0
145517570,0,10191276,10191240,25.97,1700,1,0
145518850,0,10192121,10180883,25.98,500,1,0
145518850,0,10192121,10185806,25.98,400,1,0
145518850,0,10192121,10188083,25.98,200,1,0
145520460,0,10192121,10193260,25.98,300,2,0
145520460,0,10192096,10193260,25.97,1200,2,0
145520620,0,10192096,10193349,25.97,100,2,0
145524000,0,10194992,10195745,25.97,100,2,0
145524450,0,10195626,10196062,25.97,100,2,0
145524690,0,10195626,10196203,25.97,100,2,0
145526420,0,10197434,10196249,25.98,700,1,0
145526680,0,10197434,10197619,25.98,100,2,0
145528340,0,10197434,10198746,25.98,100,2,0
145532750,0,10197546,10201642,25.98,100,2,0
145533280,0,10201990,10017411,25.99,1000,1,0
145535180,0,10203292,10017411,25.99,500,1,0
145536460,0,10197546,10204162,25.98,700,2,0
145537100,0,10204692,10017411,25.99,100,1,0
145537500,0,10197546,10204986,25.98,600,2,0
145537500,0,10197576,10204986,25.98,1000,2,0
145537500,0,10199082,10204986,25.98,400,2,0
145538100,0,10205399,10017411,25.99,1000,1,0
145538780,0,10199082,10205916,25.98,100,2,0
145539110,0,10206162,10017411,25.99,500,1,0
145539190,0,10206250,10022585,25.99,100,1,0
145539330,0,10206334,10022585,25.99,200,1,0
145539330,0,10206334,10029053,25.99,600,1,0
145539330,0,10206334,10035736,25.99,300,1,0
145539330,0,10206334,10037877,25.99,500,1,0
145539330,0,10206334,10040928,25.99,500,1,0
145539330,0,10206334,10060859,25.99,1200,1,0
145539400,0,10206377,10060859,25.99,200,1,0
145539440,0,10199082,10206404,25.98,500,2,0
145539440,0,10200091,10206404,25.98,200,2,0
145539440,0,10200575,10206404,25.98,100,2,0
145542460,0,10200575,10208509,25.98,900,2,0
145543360,0,10200575,10209072,25.98,300,2,0
145547190,0,10211443,10179021,25.99,2000,1,0
145547410,0,10200575,10211569,25.98,100,2,0
145549380,0,10200575,10212878,25.98,400,2,0
145549380,0,10201258,10212878,25.98,100,2,0
145549620,0,10213033,10179021,25.99,100,1,0
145550920,0,10204417,10213875,25.98,100,2,0
145553400,0,10215644,10183100,25.99,500,1,0
145554140,0,10204417,10216209,25.98,900,2,0
145554140,0,10206400,10216209,25.98,300,2,0
145554140,0,10208373,10216209,25.98,1000,2,0
145554140,0,10209215,10216209,25.98,100,2,0
145554140,0,10210912,10216209,25.98,100,2,0
145554140,0,10211427,10216209,25.98,200,2,0
145554140,0,10214937,10216209,25.98,600,2,0
145554140,0,10216007,10216209,25.98,800,2,0
145554910,0,10216777,10216209,25.98,700,1,0
145556640,0,10196891,10218008,25.97,500,2,0
145556640,0,10197626,10218008,25.97,500,2,0
145556640,0,10197958,10218008,25.97,700,2,0
145556640,0,10198108,10218008,25.97,500,2,0
145556640,0,10198109,10218008,25.97,1800,2,0
145556780,0,10218125,10216209,25.98,100,1,0
145556860,0,10198109,10218169,25.97,100,2,0
145557320,0,10218492,10216209,25.98,1000,1,0
145557540,0,10198109,10218657,25.97,500,2,0
145558620,0,10219375,10216209,25.98,400,1,0
145559160,0,10219727,10216209,25.98,500,1,0
145559720,0,10220126,10216209,25.98,100,1,0
145601520,0,10223820,10216209,25.98,100,1,0
145602980,0,10198109,10225389,25.97,200,2,0
145602980,0,10204666,10225399,25.97,600,2,0
145603110,0,10225493,10216209,25.98,1800,1,0
145603110,0,10225493,10219418,25.98,600,1,0
145603260,0,10204666,10225645,25.97,800,2,0
145603920,0,10204666,10226146,25.97,1300,2,0
145604320,0,10226447,10219418,25.98,100,1,0
145604320,0,10226447,10219993,25.98,400,1,0
145604760,0,10204666,10226901,25.97,200,2,0
145604760,0,10205922,10226901,25.97,300,2,0
145604850,0,10226985,10224880,25.98,2000,1,0
145605730,0,10227782,10183100,25.99,300,1,0
145605890,0,10226985,10227902,25.98,700,2,0
145606910,0,10226985,10229066,25.98,4500,2,0
145606910,0,10227699,10229066,25.98,500,2,0
145606910,0,10227787,10229066,25.98,1200,2,0
145606910,0,10227961,10229066,25.98,2000,2,0
145606910,0,10228907,10229066,25.98,1700,2,0
145606910,0,10229002,10229066,25.98,100,2,0
145607480,0,10229585,10183100,25.99,100,1,0
145608140,0,10229002,10230119,25.98,100,2,0
145608140,0,10229280,10230119,25.98,100,2,0
145609100,0,10229945,10230796,25.98,100,2,0
145609480,0,10231098,10183100,25.99,300,1,0
145609890,0,10229945,10231359,25.98,400,2,0
145609890,0,10230439,10231359,25.98,100,2,0
145609890,0,10231130,10231359,25.98,500,2,0
145611770,0,10231859,10232909,25.98,100,2,0
145613630,0,10234210,10232909,25.98,200,1,0
145614870,0,10234950,10232909,25.98,400,1,0
145614890,0,10205922,10234958,25.97,1500,2,0
145614970,0,10235037,10232909,25.98,100,1,0
145615110,0,10205922,10235112,25.97,100,2,0
145616920,0,10236532,10234726,25.98,1000,1,0
145617330,0,10236832,10234726,25.98,300,1,0
145619050,0,10237932,10234726,25.98,300,1,0
145623880,0,10226832,10241283,25.97,100,2,0
145623880,0,10226832,10241284,25.97,500,2,0
145624120,0,10226832,10241463,25.97,200,2,0
145624120,0,10228261,10241463,25.97,100,2,0
145625380,0,10228261,10242413,25.97,700,2,0
145625920,0,10228261,10242886,25.97,300,2,0
145625920,0,10228308,10242886,25.97,200,2,0
145625920,0,10230063,10242886,25.97,400,2,0
145625920,0,10231647,10242886,25.97,200,2,0
145625920,0,10234255,10242886,25.97,200,2,0
145626750,0,10243693,10234726,25.98,200,1,0
145627140,0,10235347,10244025,25.97,700,2,0
145627780,0,10244487,10234726,25.98,200,1,0
145628110,0,10244734,10234726,25.98,3000,1,0
145633510,0,10248947,10240526,25.98,500,1,0
145633510,0,10248947,10240863,25.98,200,1,0
145633510,0,10248947,10241105,25.98,300,1,0
145633710,0,10249088,10245385,25.98,300,1,0
145633840,0,10249167,10247791,25.98,500,1,0
145633890,0,10249167,10249193,25.98,400,2,0
145633890,0,10243458,10249193,25.97,400,2,0
145633890,0,10243876,10249193,25.97,400,2,0
145633890,0,10243924,10249193,25.97,1900,2,0
145639430,0,10249346,10252912,25.98,100,2,0
145640970,0,10253530,10253951,25.98,100,2,0
145641070,0,10243924,10254023,25.97,1500,2,0
145642000,0,10254661,10253951,25.98,100,1,0
145642000,0,10254661,10254282,25.98,400,1,0
145644100,0,10243924,10256090,25.97,400,2,0
145644670,0,10256501,10255349,25.98,1400,1,0
145644670,0,10256501,10255921,25.98,2700,1,0
145645120,0,10243924,10256792,25.97,700,2,0
145645560,0,10243924,10257060,25.97,100,2,0
145646720,0,10247888,10257856,25.97,100,2,0
145646930,0,10258020,10256693,25.98,500,1,0
145646930,0,10258020,10257943,25.98,100,1,0
145647250,0,10258239,10258229,25.98,600,1,0
145647310,0,10247888,10258289,25.97,300,2,0
145647340,0,10247888,10258304,25.97,200,2,0
145647940,0,10252778,10258699,25.97,300,2,0
145648060,0,10252778,10258770,25.97,1000,2,0
145648250,0,10252778,10258885,25.97,400,2,0
145649700,0,10259790,10187760,25.99,100,1,0
145650340,0,10260037,10260190,25.98,700,2,0
145650410,0,10260037,10260245,25.98,700,2,0
145650410,0,10260132,10260245,25.98,800,2,0
145651220,0,10260132,10260751,25.98,700,2,0
145651220,0,10255645,10260751,25.97,100,2,0
145651610,0,10260816,10260986,25.98,100,2,0
145653120,0,10261913,10187760,25.99,100,1,0
145654320,0,10262696,10187760,25.99,200,1,0
145654320,0,10262696,10195330,25.99,1000,1,0
145654320,0,10262696,10200889,25.99,100,1,0
145654320,0,10262696,10203524,25.99,600,1,0
145654320,0,10262696,10205225,25.99,300,1,0
145654320,0,10262696,10208876,25.99,200,1,0
145654320,0,10262696,10213516,25.99,1100,1,0
145654320,0,10262696,10221538,25.99,200,1,0
145654320,0,10262696,10229750,25.99,300,1,0
145654320,0,10262696,10237063,25.99,400,1,0
145654570,0,10260816,10262863,25.98,200,2,0
145658620,0,10264902,10265606,25.99,300,2,0
150000320,0,10313476,10269657,26.0,81,0,0
150000320,0,10313476,10270447,26.0,1500,0,0
150000320,0,10313505,10305549,26.0,200,0,0
150000320,0,10313505,10319946,26.0,500,0,0
150000320,0,10313505,10308502,26.0,100,0,0
150000320,0,10313505,10273013,26.0,300,0,0
150000320,0,10313505,10278085,26.0,100,0,0
150000320,0,10313505,10286547,26.0,500,0,0
150000320,0,10313505,10296087,26.0,400,0,0
150000320,0,10313505,10303208,26.0,600,0,0
150000320,0,10313505,10317567,26.0,700,0,0
150000320,0,10313505,10327344,26.0,1419,0,0
150000320,0,10278798,10268122,26.0,5181,0,0
150000320,0,10278798,10322611,26.0,300,0,0
150000320,0,10278798,10292999,26.0,300,0,0
150000320,0,10278798,10323983,26.0,9019,0,0
150000320,0,10303541,10323983,26.0,3081,0,0
150000320,0,10303541,10282498,26.0,100,0,0
150000320,0,10303541,10286003,26.0,200,0,0
150000320,0,10303541,10288377,26.0,2000,0,0
150000320,0,10303541,10317343,26.0,919,0,0
150000320,0,10303777,10317343,26.0,500,0,0
150000320,0,10305185,10317343,26.0,600,0,0
150000320,0,10309236,10317343,26.0,100,0,0
150000320,0,10311786,10317343,26.0,100,0,0
150000320,0,10315247,10317343,26.0,100,0,0
150000320,0,10315750,10317343,26.0,100,0,0
150000320,0,10316765,10317343,26.0,100,0,0
150000320,0,10317476,10317343,26.0,200,0,0
150000320,0,10319076,10317343,26.0,100,0,0
150000320,0,10289186,10317343,26.0,200,0,0
150000320,0,10290493,10317343,26.0,200,0,0
150000320,0,10276934,10317343,26.0,1781,0,0
150000320,0,10276934,10323387,26.0,219,0,0
150000320,0,10289042,10323387,26.0,281,0,0
150000320,0,10289042,10281592,26.0,400,0,0
150000320,0,10289042,10282523,26.0,5300,0,0
150000320,0,10289042,10278661,26.0,1000,0,0
150000320,0,10289042,10273192,26.0,100,0,0
150000320,0,10289042,10282846,26.0,1500,0,0
150000320,0,10289042,10294939,26.0,1419,0,0
150000320,0,10314135,10294939,26.0,1181,0,0
150000320,0,10314135,10272438,26.0,519,0,0
150000320,0,10304996,10272438,26.0,400,0,0
150000320,0,10280775,10272438,26.0,1081,0,0
150000320,0,10280775,10277565,26.0,219,0,0
150000320,0,10294465,10277565,26.0,100,0,0
150000320,0,10310984,10277565,26.0,881,0,0
150000320,0,10310984,10290062,26.0,1519,0,0
150000320,0,10272419,10290062,26.0,381,0,0
150000320,0,10272419,10310399,26.0,100,0,0
150000320,0,10272419,10322970,26.0,19,0,0
150000320,0,10287423,10322970,26.0,500,0,0
150000320,0,10306351,10322970,26.0,500,0,0
150000320,0,10309488,10322970,26.0,481,0,0
150000320,0,10309488,10327709,26.0,219,0,0
150000320,0,10323049,10327709,26.0,1481,0,0
150000320,0,10323049,10267523,26.0,2000,0,0
150000320,0,10323049,10269822,26.0,15300,0,0
150000320,0,10323049,10273128,26.0,100,0,0
150000320,0,10323049,10274248,26.0,2500,0,0
150000320,0,10323049,10275416,26.0,1000,0,0
150000320,0,10323049,10276597,26.0,400,0,0
150000320,0,10323049,10277407,26.0,1000,0,0
150000320,0,10323049,10278311,26.0,500,0,0
150000320,0,10323049,10280242,26.0,5000,0,0
150000320,0,10323049,10280291,26.0,600,0,0
150000320,0,10323049,10280506,26.0,300,0,0
150000320,0,10323049,10281820,26.0,5000,0,0
150000320,0,10323049,10286029,26.0,3000,0,0
150000320,0,10323049,10297257,26.0,500,0,0
150000320,0,10323049,10308390,26.0,819,0,0
150000320,0,10278572,10308390,26.0,1000,0,0
150000320,0,10285092,10308390,26.0,181,0,0
150000320,0,10285092,10314122,26.0,519,0,0
150000320,0,10297866,10314122,26.0,100,0,0
150000320,0,10315327,10314122,26.0,1900,0,0
150000320,0,10315777,10314122,26.0,481,0,0
150000320,0,10315777,10314232,26.0,700,0,0
150000320,0,10315777,10315411,26.0,1100,0,0
150000320,0,10315777,10320744,26.0,719,0,0
150000320,0,10268684,10320744,26.0,3281,0,0
150000320,0,10268684,10267237,26.0,200,0,0
150000320,0,10268684,10272251,26.0,1000,0,0
150000320,0,10268684,10284648,26.0,19,0,0
150000320,0,10309238,10284648,26.0,81,0,0
150000320,0,10309238,10290849,26.0,419,0,0
150000320,0,10310987,10290849,26.0,1581,0,0
150000320,0,10310987,10291292,26.0,200,0,0
150000320,0,10310987,10302681,26.0,2219,0,0
150000320,0,10311002,10302681,26.0,3281,0,0
150000320,0,10311002,10311626,26.0,100,0,0
150000320,0,10311002,10317671,26.0,3700,0,0
150000320,0,10311002,10321854,26.0,1919,0,0
150000320,0,10290868,10321854,26.0,300,0,0
150000320,0,10303284,10321854,26.0,1900,0,0
150000320,0,10310623,10321854,26.0,300,0,0
150000320,0,10312457,10321854,26.0,400,0,0
150000320,0,10312898,10321854,26.0,181,0,0
150000320,0,10312898,9876912,26.0,2819,0,0
150000320,0,10313330,9876912,26.0,300,0,0
150000320,0,10286922,9876912,26.0,5000,0,0
150000320,0,10294032,9876912,26.0,10000,0,0
150000320,0,10296287,9876912,26.0,200,0,0
150000320,0,10306846,9876912,26.0,600,0,0
150000320,0,10311631,9876912,26.0,2900,0,0
150000320,0,10313815,9876912,26.0,200,0,0
150000320,0,10315705,9876912,26.0,1781,0,0
150000320,0,10315705,9883364,26.0,100,0,0
150000320,0,10315705,9898794,26.0,200,0,0
150000320,0,10315705,9902917,26.0,3000,0,0
150000320,0,10315705,9916325,26.0,200,0,0
150000320,0,10315705,9934661,26.0,500,0,0
150000320,0,10315705,9993341,26.0,800,0,0
150000320,0,10315705,10012418,26.0,500,0,0
150000320,0,10315705,10029932,26.0,100,0,0
150000320,0,10315705,10127683,26.0,1400,0,0
150000320,0,10315705,10190974,26.0,319,0,0
150000320,0,10318111,10190974,26.0,181,0,0
150000320,0,10318111,10208919,26.0,19,0,0
150000320,0,10318605,10208919,26.0,181,0,0
150000320,0,10318605,10270067,26.0,700,0,0
150000320,0,10318605,10273917,26.0,500,0,0
150000320,0,10318605,10276081,26.0,100,0,0
150000320,0,10318605,10276753,26.0,519,0,0
150000320,0,10327199,10276753,26.0,3881,0,0
150000320,0,10327199,10277042,26.0,200,0,0
150000320,0,10327199,10283067,26.0,600,0,0
150000320,0,10327199,10283390,26.0,1800,0,0
150000320,0,10327199,10284036,26.0,900,0,0
150000320,0,10327199,10287467,26.0,2000,0,0
150000320,0,10327199,10288046,26.0,1000,0,0
150000320,0,10327199,10288517,26.0,700,0,0
150000320,0,10327199,10288605,26.0,200,0,0
150000320,0,10327199,10290643,26.0,200,0,0
150000320,0,10327199,10291131,26.0,100,0,0
150000320,0,10327199,10291483,26.0,100,0,0
150000320,0,10327199,10294058,26.0,5000,0,0
150000320,0,10327199,10295350,26.0,200,0,0
150000320,0,10327199,10296430,26.0,500,0,0
150000320,0,10327199,10296677,26.0,300,0,0
150000320,0,10327199,10309323,26.0,600,0,0
150000320,0,10327199,10316822,26.0,100,0,0
150000320,0,10327199,10318500,26.0,100,0,0
150000320,0,10272067,10320276,26.0,100,0,0
150000320,0,10281031,10320276,26.0,1200,0,0
150000320,0,10282259,10321205,26.0,1000,0,0
150000320,0,10282603,10323982,26.0,600,0,0
